Name,Spec,ImageURL
아이리스브라이트 리서쳐스 2비컷,"[주요성분] 징코(은행잎)/가르시니아(HCA)/
[섭취정보] 섭취대상: 성인남녀/섭취횟수, 양: 1일 2회, 1회 1정/섭취기간: 1개월/형태: 캡슐,정/
[인증] 건강기능식품/GMP/기능성: 기억력 개선, 체지방감소, 혈행개선/
[기능성분] HCA: 750mg/플라보놀배당체: 28mg",C:\dev\ZeroMoa\ZeroMoa\crawl_data\images\가르시니아\아이리스브라이트 리서쳐스 2비컷.jpg
종근당건강 락토핏 생유산균 슬림,"[주요성분] 프로바이오틱스/가르시니아(HCA)/보장균수(CFU): 20억/
[섭취정보] 섭취대상: 성인남녀/섭취횟수, 양: 1일 2회, 1회 1포/총량: 60포/섭취기간: 1개월/형태: 분말/특징: 스틱형/
[인증] 건강기능식품/GMP/기능성: 배변활동 원활, 장 건강, 체지방감소/
[기능성분] HCA: 750mg/아연: 2.55mg",C:\dev\ZeroMoa\ZeroMoa\crawl_data\images\가르시니아\종근당건강 락토핏 생유산균 슬림.jpg
일동후디스 하이뮨 프로틴 밸런스 앤 바디,"단백질보충제/가르시니아(HCA)/히알루론산/종류: 산양유, 분리유청단백(WPI), 분리대두단백(ISP), 농축우유단백(MPC)/
[섭취정보] 섭취대상: 성인남녀/섭취횟수, 양: 1일 1회, 1회 38g/섭취기간: 8일/형태: 분말/
[인증] 건강기능식품/GMP/기능성: 영양보충, 피부 보습/
[영양·기능정보] 표시기준량: 38g/열량: 125kcal/단백질: 20g/HCA: 800mg/식이섬유: 2.5g/히알루론산: 120mg",C:\dev\ZeroMoa\ZeroMoa\crawl_data\images\가르시니아\일동후디스 하이뮨 프로틴 밸런스 앤 바디.jpg
순수식품 빼다방 블랙,"[주요성분] 가르시니아(HCA)/
[섭취정보] 섭취대상: 성인남녀/섭취횟수, 양: 1일 2회, 1회 1포/섭취기간: 50일/형태: 분말/
[인증] 건강기능식품/기능성: 체지방감소/
[기능성분] HCA: 750mg",C:\dev\ZeroMoa\ZeroMoa\crawl_data\images\가르시니아\순수식품 빼다방 블랙.jpg
팜스빌 애플트리김약사네 벨기에 유산균 다이어트 트리플러스,"[주요성분] 신바이오틱스/가르시니아(HCA)/보장균수(CFU): 1억/
[섭취정보] 섭취대상: 성인남녀/섭취횟수, 양: 1일 1회, 1회 1포/총량: 14포/섭취기간: 2주/형태: 분말/특징: 스틱형/
[인증] 건강기능식품/기능성: 배변활동 원활, 장 건강, 체지방감소/
[기능성분] 프락토올리고당: 3,000mg/HCA: 750mg",C:\dev\ZeroMoa\ZeroMoa\crawl_data\images\가르시니아\팜스빌 애플트리김약사네 벨기에 유산균 다이어트 트리플러스.jpg
대웅생명과학 가르시니아 플러스,"[주요성분] 가르시니아(HCA)/
[섭취정보] 섭취대상: 성인남녀/섭취횟수, 양: 1일 2회, 1회 1정/섭취기간: 8주/형태: 캡슐,정/
[인증] 건강기능식품/기능성: 체지방감소/
[기능성분] HCA: 756mg",C:\dev\ZeroMoa\ZeroMoa\crawl_data\images\가르시니아\대웅생명과학 가르시니아 플러스.jpg
연세생활건강 닥터톡스 수,"[주요성분] 가르시니아(HCA)/
[섭취정보] 섭취대상: 성인남녀/섭취횟수, 양: 1일 2회, 1회 1포/섭취기간: 15일/형태: 음료(액상)/
[인증] 건강기능식품/GMP",C:\dev\ZeroMoa\ZeroMoa\crawl_data\images\가르시니아\연세생활건강 닥터톡스 수.jpg
GRN 올 뉴 분홍이 시즌4,"가르시니아(HCA)/섭취횟수, 양: 1일 3회, 1정/형태: 캡슐,정/건강기능식품/HACCP/기능성: 체지방감소",C:\dev\ZeroMoa\ZeroMoa\crawl_data\images\가르시니아\GRN 올 뉴 분홍이 시즌4.jpg
어댑트 푸드올로지 맨올로지 컷,"[주요성분] 밀크씨슬/옥타코사놀/가르시니아(HCA)/
[섭취정보] 섭취대상: 성인남성/섭취횟수, 양: 1일 3회, 1회 2정/섭취기간: 20일/형태: 캡슐,정/
[인증] 건강기능식품/기능성: 간 건강, 체지방감소/
[기능성분] HCA: 2,800mg/실리마린: 130mg/옥타코사놀: 40mg",C:\dev\ZeroMoa\ZeroMoa\crawl_data\images\가르시니아\어댑트 푸드올로지 맨올로지 컷.jpg
그레이스클럽 그린몬스터 다이어트 스페셜 투 가르시니아 900,"[주요성분] 가르시니아(HCA)/
[섭취정보] 섭취대상: 성인남녀/섭취횟수, 양: 1일 2회/형태: 캡슐,정/
[인증] 건강기능식품/GMP/기능성: 체지방감소/
[기능성분] HCA: 900mg",C:\dev\ZeroMoa\ZeroMoa\crawl_data\images\가르시니아\그레이스클럽 그린몬스터 다이어트 스페셜 투 가르시니아 900.jpg
GC녹십자 스마일렌 가르시니아 다이어트,"[주요성분] 가르시니아(HCA)/
[섭취정보] 섭취대상: 성인남녀/섭취횟수, 양: 1일 2회, 1회 1정/섭취기간: 8주/형태: 캡슐,정/
[인증] 건강기능식품/기능성: 체지방감소/
[기능성분] HCA: 777mg",C:\dev\ZeroMoa\ZeroMoa\crawl_data\images\가르시니아\GC녹십자 스마일렌 가르시니아 다이어트.jpg
비오팜 에버핏 가르시니아 1004,"가르시니아(HCA)/섭취횟수, 양: 1일 2회, 1정/형태: 캡슐,정/건강기능식품/기능성: 면역력 증진, 체지방감소",C:\dev\ZeroMoa\ZeroMoa\crawl_data\images\가르시니아\비오팜 에버핏 가르시니아 1004.jpg
어댑트 푸드올로지 버닝올로지 디데이,"[주요성분] 가르시니아(HCA)/녹차추출물(카테킨)/돌외잎주정추출/잔티젠/
[섭취정보] 섭취대상: 성인남녀/섭취횟수, 양: 1일 1회, 1회 1포/섭취기간: 5일/형태: 캡슐,정/
[인증] 건강기능식품/기능성: 체지방감소, 항산화, 혈중 콜레스테롤 개선/
[기능성분] HCA: 750mg/카테킨: 300mg/damulin A: 5.4mg/후코잔틴: 3mg/푸닉산: 174mg",C:\dev\ZeroMoa\ZeroMoa\crawl_data\images\가르시니아\어댑트 푸드올로지 버닝올로지 디데이.jpg
퍼플랩스헬스케어 세리박스 세리번 블루맨 올인원,"[주요성분] 밀크씨슬/옥타코사놀/가르시니아(HCA)/녹차추출물(카테킨)/
[섭취정보] 섭취대상: 성인남성/섭취횟수, 양: 1일 1회, 1회 1포/섭취기간: 20일/형태: 캡슐,정/
[인증] 건강기능식품/GMP/기능성: 간 건강, 체지방감소, 항산화, 혈중 콜레스테롤 개선/
[기능성분] HCA : 800mg/카테킨: 300mg/실리마린: 130mg/옥타코사놀: 7mg/비타민B1: 2.4mg/비타민B2: 2.8mg/비타민B6: 3mg/나이아신: 30mgNE/판토텐산: 10mg/비타민C: 200mg/아연: 17mg",C:\dev\ZeroMoa\ZeroMoa\crawl_data\images\가르시니아\퍼플랩스헬스케어 세리박스 세리번 블루맨 올인원.jpg
CJ 리턴업 팻다운 파워번 마스터 가르시니아,"가르시니아(HCA)/섭취대상: 성인여성, 성인남성/섭취횟수, 양: 1일 1회, 1병/형태: 음료(액상)/건강기능식품/기능성: 체지방감소",C:\dev\ZeroMoa\ZeroMoa\crawl_data\images\가르시니아\CJ 리턴업 팻다운 파워번 마스터 가르시니아.jpg
지니트레저 김오곤 원장의 한방 다이어트 환,"가르시니아(HCA)/섭취횟수, 양: 1일 1회, 1포/형태: 환/특징: 스틱형/건강기능식품/GMP/기능성: 체지방감소",C:\dev\ZeroMoa\ZeroMoa\crawl_data\images\가르시니아\지니트레저 김오곤 원장의 한방 다이어트 환.jpg
뉴트리디데이 가르시니아 1000,"[주요성분] 가르시니아(HCA)/
[섭취정보] 섭취대상: 성인남녀/섭취횟수, 양: 1일 2회, 1회 1정/섭취기간: 8주/형태: 캡슐,정/
[인증] 건강기능식품/기능성: 체지방감소/
[기능성분] HCA: 1,000mg",C:\dev\ZeroMoa\ZeroMoa\crawl_data\images\가르시니아\뉴트리디데이 가르시니아 1000.jpg
더블유라이프앤케어 네츄럴웨이 모어네이처 이지슬림 에브리컷 다이어트,"가르시니아(HCA)/섭취횟수, 양: 1일 2회, 1포/형태: 캡슐,정/특징: 스틱형/건강기능식품/GMP/기능성: 체지방감소, 피부 건강, 항산화, 혈중 콜레스테롤 개선",C:\dev\ZeroMoa\ZeroMoa\crawl_data\images\가르시니아\더블유라이프앤케어 네츄럴웨이 모어네이처 이지슬림 에브리컷 다이어트.jpg
홀리데이즈 쑤욱핏,"[주요성분] 가르시니아(HCA)/녹차추출물(카테킨)/
[섭취정보] 섭취대상: 성인남녀/섭취횟수, 양: 1일 2회, 1회 2정/섭취기간: 2주/형태: 캡슐,정/
[인증] 건강기능식품/기능성: 체지방감소, 항산화, 혈중 콜레스테롤 개선/
[기능성분] HCA: 750mg/카테킨: 300mg/비타민B1: 1.2mg/비타민B2: 1.4mg/나이아신: 15mgNE/판토텐산: 5mg/비타민B6: 1.5mg/엽산: 400㎍/셀렌: 55㎍",C:\dev\ZeroMoa\ZeroMoa\crawl_data\images\가르시니아\홀리데이즈 쑤욱핏.jpg
메이플트리 가르시니아 다이어트 플러스 트리플,"[주요성분] 가르시니아(HCA)/
[섭취정보] 섭취대상: 성인남녀/섭취횟수, 양: 1일 2회/형태: 캡슐,정/
[인증] 건강기능식품/기능성: 체지방감소/
[기능성분] HCA: 750mg",C:\dev\ZeroMoa\ZeroMoa\crawl_data\images\가르시니아\메이플트리 가르시니아 다이어트 플러스 트리플.jpg
그린핏 그린핏 차전자피 다이어트,"가르시니아(HCA)/섭취횟수, 양: 1일 1회, 1포/형태: 환/특징: 스틱형/건강기능식품/GMP/기능성: 장 건강, 체지방감소",C:\dev\ZeroMoa\ZeroMoa\crawl_data\images\가르시니아\그린핏 그린핏 차전자피 다이어트.jpg
뉴트리디데이 다이어트 스페셜 올뉴,"[주요성분] 가르시니아(HCA)/
[섭취정보] 섭취대상: 성인남녀/섭취횟수, 양: 1일 1회, 1회 2정/섭취기간: 1개월/형태: 캡슐,정/
[인증] 건강기능식품/기능성: 체지방감소/
[기능성분] HCA: 750mg",C:\dev\ZeroMoa\ZeroMoa\crawl_data\images\가르시니아\뉴트리디데이 다이어트 스페셜 올뉴.jpg
홀리데이즈 쑤욱빼 다이어트 커피맛,"[주요성분] 가르시니아(HCA)/
[섭취정보] 섭취대상: 성인남녀/섭취횟수, 양: 1일 2회, 1회 1포/섭취기간: 2주/형태: 분말/특징: 스틱형/
[인증] 건강기능식품/GMP/기능성: 체지방감소/
[기능성분] HCA: 750mg/비타민B1: 3.3mg/판토텐산: 5.2mg",C:\dev\ZeroMoa\ZeroMoa\crawl_data\images\가르시니아\홀리데이즈 쑤욱빼 다이어트 커피맛.jpg
뉴트리디데이 키토산 올뉴 퍼펙트,"[주요성분] 가르시니아(HCA)/키토산/
[섭취정보] 섭취대상: 성인남녀/섭취횟수, 양: 1일 2회, 1일 4정/섭취기간: 2주/형태: 캡슐,정/
[인증] 건강기능식품/기능성: 체지방감소/
[기능성분] HCA: 750mg/키토산 3,000mg",C:\dev\ZeroMoa\ZeroMoa\crawl_data\images\가르시니아\뉴트리디데이 키토산 올뉴 퍼펙트.jpg
닥터바른 다이너티 올인원 이뮨 다이어트,"가르시니아(HCA)/섭취횟수, 양: 1일 1회, 1병/형태: 음료(액상)/건강기능식품/기능성: 면역력 증진, 영양보충, 체지방감소, 피부 건강, 혈중 콜레스테롤 개선",C:\dev\ZeroMoa\ZeroMoa\crawl_data\images\가르시니아\닥터바른 다이너티 올인원 이뮨 다이어트.jpg
광동생활건강 광동 유산균 다이어트슬림,"[주요성분] 프로바이오틱스/가르시니아(HCA)/
[섭취정보] 섭취대상: 성인남녀/섭취횟수, 양: 1일 1회, 1회 1포/섭취기간: 1개월/형태: 분말/특징: 스틱형/
[인증] 건강기능식품/GMP/기능성: 배변활동 원활, 장 건강, 체지방감소/
[기능성분] HCA: 750mg",C:\dev\ZeroMoa\ZeroMoa\crawl_data\images\가르시니아\광동생활건강 광동 유산균 다이어트슬림.jpg
휴럼 아이엠미 슬림 핏 프로바이오틱스,"[주요성분] 프로바이오틱스/가르시니아(HCA)/보장균수(CFU): 10억/
[섭취정보] 섭취대상: 성인남녀/섭취횟수, 양: 1일 1회, 1회 1포/섭취기간: 4주/형태: 분말/특징: 스틱형/
[인증] 건강기능식품/GMP/기능성: 배변활동 원활, 장 건강, 체지방감소/
[기능성분] HCA: 750mg",C:\dev\ZeroMoa\ZeroMoa\crawl_data\images\가르시니아\휴럼 아이엠미 슬림 핏 프로바이오틱스.jpg
핏나인코리아 클린24시간,"[주요성분] 가르시니아(HCA)/
[섭취정보] 섭취대상: 성인남녀/섭취횟수, 양: 1일 1회, 1회 1포/섭취기간: 5일/형태: 음료(액상)/
[인증] 건강기능식품/GMP/기능성: 체지방감소/
[기능성분] HCA: 900mg/식이섬유: 3,400mg",C:\dev\ZeroMoa\ZeroMoa\crawl_data\images\가르시니아\핏나인코리아 클린24시간.jpg
비오팜 니아르 복숭아맛,"가르시니아(HCA)/섭취횟수, 양: 1일 2회, 1정/형태: 캔디,츄어블/건강기능식품/GMP/기능성: 체지방감소, 혈중 콜레스테롤 개선/복숭아맛",C:\dev\ZeroMoa\ZeroMoa\crawl_data\images\가르시니아\비오팜 니아르 복숭아맛.jpg
비오팜 니아르 감귤맛,"가르시니아(HCA)/섭취횟수, 양: 1일 2회, 1정/형태: 캔디,츄어블/건강기능식품/GMP/기능성: 체지방감소, 혈중 콜레스테롤 개선/감귤맛",C:\dev\ZeroMoa\ZeroMoa\crawl_data\images\가르시니아\비오팜 니아르 감귤맛.jpg
비오팜 니아르 샤인머스켓맛,"가르시니아(HCA)/섭취횟수, 양: 1일 2회, 1정/형태: 캔디,츄어블/건강기능식품/GMP/기능성: 체지방감소, 혈중 콜레스테롤 개선/샤인머스캣맛",C:\dev\ZeroMoa\ZeroMoa\crawl_data\images\가르시니아\비오팜 니아르 샤인머스켓맛.jpg
한국생활건강 팔레오 닥터스노트 촉촉피부 다이어트,"[주요성분] 히알루론산/가르시니아(HCA)/
[섭취정보] 섭취대상: 성인남녀/섭취횟수, 양: 1일 1회, 1회 2정/섭취기간: 4주/형태: 캡슐,정/
[인증] 건강기능식품/GMP/기능성: 체지방감소, 피부 보습/
[기능성분] HCA: 750mg/히알루론산: 120mg",C:\dev\ZeroMoa\ZeroMoa\crawl_data\images\가르시니아\한국생활건강 팔레오 닥터스노트 촉촉피부 다이어트.jpg
CJ웰케어 리턴업 팻다운 파워번 마스터 가르시니아,"[주요성분] 가르시니아(HCA)/
[섭취정보] 섭취대상: 성인남녀/섭취횟수, 양: 1일 1회/형태: 음료(액상)/
[인증] 건강기능식품/기능성: 체지방감소/
[기능성분] HCA: 780mg",C:\dev\ZeroMoa\ZeroMoa\crawl_data\images\가르시니아\CJ웰케어 리턴업 팻다운 파워번 마스터 가르시니아.jpg
일양약품 프라임 유산균 다이어트 플러스,"[주요성분] 프로바이오틱스/가르시니아(HCA)/보장균수(CFU): 1억/
[섭취정보] 섭취대상: 성인남녀/섭취횟수, 양: 1일 1회, 1회 1포/총량: 30포/섭취기간: 1개월/형태: 분말/특징: 스틱형/
[인증] 건강기능식품/기능성: 배변활동 원활, 장 건강, 체지방감소/
[기능성분] HCA: 750mg",C:\dev\ZeroMoa\ZeroMoa\crawl_data\images\가르시니아\일양약품 프라임 유산균 다이어트 플러스.jpg
뉴트리디데이 카페빼네 아메리카노맛,"[주요성분] 가르시니아(HCA)/
[섭취정보] 섭취대상: 성인남녀/섭취횟수, 양: 1일 2회, 1회 1포/섭취기간: 15일/형태: 분말/
[인증] 건강기능식품/GMP/기능성: 체지방감소/
[기능성분] HCA: 750mg",C:\dev\ZeroMoa\ZeroMoa\crawl_data\images\가르시니아\뉴트리디데이 카페빼네 아메리카노맛.jpg
김오곤 원장 한방 다이어트유산균,"[주요성분] 프로바이오틱스/가르시니아(HCA)/
[섭취정보] 섭취대상: 성인남녀/섭취횟수, 양: 1일 1회, 1회 1포/섭취기간: 1개월/형태: 분말/특징: 스틱형/
[인증] 건강기능식품/GMP/기능성: 배변활동 원활, 장 건강, 체지방감소/
[기능성분] HCA: 800mg",C:\dev\ZeroMoa\ZeroMoa\crawl_data\images\가르시니아\김오곤 원장 한방 다이어트유산균.jpg
뉴트리디데이 칼로컷 가르시니아 1000,"[주요성분] 가르시니아(HCA)/
[섭취정보] 섭취대상: 성인남녀/섭취횟수, 양: 1일 1회, 1회 2정/섭취기간: 8주/형태: 캡슐,정/건강기능식품/GMP/기능성: 체지방감소/
[기능성분] HCA: 1,000mg",C:\dev\ZeroMoa\ZeroMoa\crawl_data\images\가르시니아\뉴트리디데이 칼로컷 가르시니아 1000.jpg
비타민마을 더카페 다이어트,"[주요성분] 가르시니아(HCA)/
[섭취정보] 섭취대상: 성인남녀/섭취횟수, 양: 1일 2회, 1회 1포/섭취기간: 1개월/형태: 분말/특징: 스틱형/
[인증] 건강기능식품/GMP/기능성: 체지방감소/
[기능성분] HCA: 750mg",C:\dev\ZeroMoa\ZeroMoa\crawl_data\images\가르시니아\비타민마을 더카페 다이어트.jpg
헬스밸런스 스키니랩 가르시니아,"[주요성분] 가르시니아(HCA)/
[섭취정보] 섭취대상: 성인남녀/섭취횟수, 양: 1일 1회, 1회 1포/섭취기간: 2주/형태: 캡슐,정/
[인증] 건강기능식품/기능성: 체지방감소/
[기능성분] HCA: 1,000mg",C:\dev\ZeroMoa\ZeroMoa\crawl_data\images\가르시니아\헬스밸런스 스키니랩 가르시니아.jpg
덴프스 휘게클렌즈 다이어트,"[주요성분] 가르시니아(HCA)/
[섭취정보] 섭취대상: 성인남녀/섭취횟수, 양: 1일 2회, 1회 1포/섭취기간: 2주/형태: 환/특징: 스틱형/
[인증] 건강기능식품/기능성: 체지방감소, 혈중 콜레스테롤 개선/
[기능성분] HCA: 750mg/식이섬유: 5.5g",C:\dev\ZeroMoa\ZeroMoa\crawl_data\images\가르시니아\덴프스 휘게클렌즈 다이어트.jpg
홀리데이즈 가르시니아 2000,"[주요성분] 가르시니아(HCA)/
[섭취정보] 섭취대상: 성인남녀/섭취횟수, 양: 1일 3정/섭취기간: 1개월/형태: 캡슐,정/
[인증] 건강기능식품/기능성: 체지방감소/
[기능성분] HCA: 2,000mg",C:\dev\ZeroMoa\ZeroMoa\crawl_data\images\가르시니아\홀리데이즈 가르시니아 2000.jpg
김오곤 원장 한방 다이어트 카페,"[주요성분] 가르시니아(HCA)/
[섭취정보] 섭취대상: 성인남녀/섭취횟수, 양: 1일 2회, 1회 1포/섭취기간: 2주/형태: 분말/
[인증] 건강기능식품/GMP/기능성: 체지방감소/
[기능성분] HCA: 850mg/식이섬유: 4,000mg",C:\dev\ZeroMoa\ZeroMoa\crawl_data\images\가르시니아\김오곤 원장 한방 다이어트 카페.jpg
내츄럴플러스 에버핏 유산균 다이어트,"[주요성분] 프로바이오틱스/가르시니아(HCA)/
[섭취정보] 섭취대상: 성인남녀/섭취횟수, 양: 1일 1회, 1회 1포/섭취기간: 2주/형태: 분말/특징: 스틱형/
[인증] 건강기능식품/기능성: 배변활동 원활, 장 건강, 체지방감소/
[기능성분] HCA : 750mg/이상",C:\dev\ZeroMoa\ZeroMoa\crawl_data\images\가르시니아\내츄럴플러스 에버핏 유산균 다이어트.jpg
천호엔케어 감비책환,"가르시니아(HCA)/섭취횟수, 양: 1일 1회, 1포/형태: 환/특징: 스틱형/건강기능식품/기능성: 체지방감소",C:\dev\ZeroMoa\ZeroMoa\crawl_data\images\가르시니아\천호엔케어 감비책환.jpg
오늘부터 오늘부터 슬림카페,"[주요성분] 가르시니아(HCA)/
[섭취정보] 섭취대상: 성인남녀/섭취횟수, 양: 1일 2회, 1회 1포/섭취기간: 1개월/형태: 분말/특징: 스틱형/
[인증] 건강기능식품/GMP/기능성: 체지방감소/
[기능성분] HCA: 750mg",C:\dev\ZeroMoa\ZeroMoa\crawl_data\images\가르시니아\오늘부터 오늘부터 슬림카페.jpg
비타민마을 퍼펙트바이오틱스 가르시니아 프로바이오틱스,"[주요성분] 프로바이오틱스/가르시니아(HCA)/보장균수(CFU): 1억/
[섭취정보] 섭취대상: 성인남녀/섭취횟수, 양: 1일 1회, 1회 1포/총량: 14포/섭취기간: 2주/형태: 분말/특징: 스틱형/
[인증] 건강기능식품/GMP/기능성: 배변활동 원활, 장 건강, 체지방감소/
[기능성분] HCA: 750mg",C:\dev\ZeroMoa\ZeroMoa\crawl_data\images\가르시니아\비타민마을 퍼펙트바이오틱스 가르시니아 프로바이오틱스.jpg
비오팜 니아르 블루베리맛,"가르시니아(HCA)/섭취횟수, 양: 1일 2회, 1정/형태: 캔디,츄어블/건강기능식품/GMP/기능성: 체지방감소, 혈중 콜레스테롤 개선/블루베리맛",C:\dev\ZeroMoa\ZeroMoa\crawl_data\images\가르시니아\비오팜 니아르 블루베리맛.jpg
한국바이오팜 네추럴라이즈 프로바이오틱스 유산균 다이어트,"[주요성분] 프로바이오틱스/가르시니아(HCA)/보장균수(CFU): 1억/
[섭취정보] 섭취대상: 성인남녀/섭취횟수, 양: 1일 2회, 1회 1포/형태: 분말/특징: 스틱형/
[인증] 건강기능식품/기능성: 배변활동 원활, 장 건강, 체지방감소/
[기능성분] HCA: 800mg",C:\dev\ZeroMoa\ZeroMoa\crawl_data\images\가르시니아\한국바이오팜 네추럴라이즈 프로바이오틱스 유산균 다이어트.jpg
뉴트리디데이 카페빼네 커피믹스,"[주요성분] 가르시니아(HCA)/
[섭취정보] 섭취대상: 성인남녀/섭취횟수, 양: 1일 2회, 1회 1포/섭취기간: 15일/형태: 분말/
[인증] 건강기능식품/기능성: 체지방감소/
[기능성분] HCA: 750mg",C:\dev\ZeroMoa\ZeroMoa\crawl_data\images\가르시니아\뉴트리디데이 카페빼네 커피믹스.jpg
홀리데이즈 가르시니아 800,"[주요성분] 가르시니아(HCA)/
[섭취정보] 섭취대상: 성인남녀/섭취횟수, 양: 1일 1회, 1회 2정/섭취기간: 2개월/형태: 캡슐,정/
[인증] 건강기능식품/GMP/기능성: 체지방감소/
[기능성분] HCA: 800mg/비타민B1: 0.36mg/비타민B2: 0.42mg/비타민B6: 0.45mg/나이아신: 4.5mgNE/판토텐산: 1.5mg/철: 3.8mg/구리: 0.4mg/아연: 5mg/요오드: 75㎍/망간: 1.4mg",C:\dev\ZeroMoa\ZeroMoa\crawl_data\images\가르시니아\홀리데이즈 가르시니아 800.jpg
순수식품 다이어트 유산균 17종 프로바이오틱스포스트바이오틱스 가르시니아,프로바이오틱스/가르시니아(HCA)/홍삼/건강식품/유산균/프로바이오틱스,C:\dev\ZeroMoa\ZeroMoa\crawl_data\images\가르시니아\순수식품 다이어트 유산균 17종 프로바이오틱스포스트바이오틱스 가르시니아.jpg
GNM자연의품격 레드컷 가르시니아 비포,"[주요성분] 가르시니아(HCA)/
[섭취정보] 섭취대상: 성인남녀/섭취횟수, 양: 1일 1회, 1회 3정/섭취기간: 4주/형태: 캡슐,정/
[인증] 건강기능식품/기능성: 체지방감소/
[기능성분] HCA: 900mg",C:\dev\ZeroMoa\ZeroMoa\crawl_data\images\가르시니아\GNM자연의품격 레드컷 가르시니아 비포.jpg
닥터아돌 위솔보 with 다이어트,"[주요성분] 프로바이오틱스/인동덩굴꽃봉오리추출물/가르시니아(HCA)/보장균수(CFU): 5억/
[섭취정보] 섭취대상: 성인남녀/섭취횟수, 양: 1일 1회, 1회 1포/섭취기간: 1개월/형태: 분말/
[인증] 건강기능식품/GMP/기능성: 위 건강, 체지방감소/
[기능성분] HCA: 750mg/secoxyloganin: 0.8mg/비타민C: 60mg/판토텐산: 3mg",C:\dev\ZeroMoa\ZeroMoa\crawl_data\images\가르시니아\닥터아돌 위솔보 with 다이어트.jpg
어댑트 푸드올로지 톡스올로지 클렌즈 비움,"[주요성분] 가르시니아(HCA)/
[섭취정보] 섭취대상: 성인남녀/섭취횟수, 양: 1일 3회, 1회 1병/섭취기간: 6일/형태: 음료(액상)/
[인증] 건강기능식품/기능성: 체지방감소/
[기능성분] HCA: 2,700mg/식이섬유: 12.6g",C:\dev\ZeroMoa\ZeroMoa\crawl_data\images\가르시니아\어댑트 푸드올로지 톡스올로지 클렌즈 비움.jpg
건국유업 탄수화물 다이어트 가르시니아,"[주요성분] 가르시니아(HCA)/
[섭취정보] 섭취대상: 성인남녀/섭취횟수, 양: 1일 1회, 1회 2정/섭취기간: 1개월/형태: 캡슐,정/
[인증] 건강기능식품/기능성: 체지방감소/
[기능성분] HCA: 850mg",C:\dev\ZeroMoa\ZeroMoa\crawl_data\images\가르시니아\건국유업 탄수화물 다이어트 가르시니아.jpg
프로피에스 챕터옵티멈,"[주요성분] 가르시니아(HCA)/
[섭취정보] 섭취대상: 성인남녀/섭취횟수, 양: 1일 3회/형태: 캡슐,정/
[인증] 건강기능식품/기능성: 체지방감소/
[기능성분] HCA: 367mg",C:\dev\ZeroMoa\ZeroMoa\crawl_data\images\가르시니아\프로피에스 챕터옵티멈.jpg
내츄럴플러스 에버핏 다이어트,"[주요성분] 가르시니아(HCA)/
[섭취정보] 섭취대상: 성인남녀/섭취횟수, 양: 1일 2회, 1회 1정/형태: 캡슐,정/
[인증] 건강기능식품/기능성: 체지방감소/
[기능성분] HCA: 450mg",C:\dev\ZeroMoa\ZeroMoa\crawl_data\images\가르시니아\내츄럴플러스 에버핏 다이어트.jpg
웰레스트 닥터블릿 푸응 마이너스 카페,"가르시니아(HCA)/섭취횟수, 양: 1일 1회, 1포/섭취기간: 10일/형태: 분말형/특징: 스틱형/건강기능식품/GMP/기능성: 체지방감소",C:\dev\ZeroMoa\ZeroMoa\crawl_data\images\가르시니아\웰레스트 닥터블릿 푸응 마이너스 카페.jpg
셀트리온스킨큐어 이너랩 차전자피 가르시니아 슬리밍 환,"[주요성분] 차전자피 식이섬유/가르시니아(HCA)/
[섭취정보] 섭취대상: 성인남녀/섭취횟수, 양: 1일 2회, 1회 1포/총량: 20포/섭취기간: 10일/형태: 환/특징: 스틱형/
[인증] 건강기능식품/GMP/기능성: 배변활동 원활, 체지방감소, 혈중 콜레스테롤 개선/
[기능성분] 식이섬유: 5.5g/HCA: 750mg",C:\dev\ZeroMoa\ZeroMoa\crawl_data\images\가르시니아\셀트리온스킨큐어 이너랩 차전자피 가르시니아 슬리밍 환.jpg
뉴트리디데이 디카페 다크 다이어트 아메리카노맛,"[주요성분] 가르시니아(HCA)/
[섭취정보] 섭취대상: 성인남녀/섭취횟수, 양: 1일 2회, 1회 1포/섭취기간: 45일/형태: 분말/
[인증] 건강기능식품/GMP/기능성: 체지방감소/
[기능성분] HCA: 750mg",C:\dev\ZeroMoa\ZeroMoa\crawl_data\images\가르시니아\뉴트리디데이 디카페 다크 다이어트 아메리카노맛.jpg
대원제약 장대원 체지방컷 가르시니아,"가르시니아(HCA)/섭취횟수, 양: 1일 1회, 2정/형태: 캡슐,정/건강기능식품/기능성: 체지방감소, 혈중 콜레스테롤 개선",C:\dev\ZeroMoa\ZeroMoa\crawl_data\images\가르시니아\대원제약 장대원 체지방컷 가르시니아.jpg
두루원 기장 장쾌력 슬림,"[주요성분] 차전자피 식이섬유/가르시니아(HCA)/
[섭취정보] 섭취대상: 성인남녀/섭취횟수, 양: 1일 2회, 1회 1포/섭취기간: 15일/형태: 분말/
[인증] 건강기능식품/기능성: 배변활동 원활, 체지방감소, 혈중 콜레스테롤 개선/
[기능성분] HCA: 760mg/차전자피식이섬유: 4g",C:\dev\ZeroMoa\ZeroMoa\crawl_data\images\가르시니아\두루원 기장 장쾌력 슬림.jpg
내츄럴플러스 에버핏 버닝카페 다이어트 아메리카노맛,"[주요성분] 가르시니아(HCA)/
[섭취정보] 섭취대상: 성인남녀/섭취횟수, 양: 1일 2회, 1회 1포/섭취기간: 15일/형태: 분말/
[인증] 건강기능식품/기능성: 체지방감소/
[기능성분] HCA: 750mg",C:\dev\ZeroMoa\ZeroMoa\crawl_data\images\가르시니아\내츄럴플러스 에버핏 버닝카페 다이어트 아메리카노맛.jpg
GRN 분홍이 액티브 버닝,"[주요성분] 밀크씨슬/옥타코사놀/가르시니아(HCA)/
[섭취정보] 섭취대상: 성인남녀/섭취횟수, 양: 1일 3회, 1회 1정/섭취기간: 1개월/형태: 캡슐,정/
[인증] 건강기능식품/GMP/기능성: 간 건강, 체지방감소/
[기능성분] HCA: 750mg/실리마린: 130mg/옥타코사놀: 7mg/비타민B1: 0.42mg",C:\dev\ZeroMoa\ZeroMoa\crawl_data\images\가르시니아\GRN 분홍이 액티브 버닝.jpg
헬스밸런스 스키니랩 가르시니아 다이어트 블루레몬맛,"[주요성분] 가르시니아(HCA)/
[섭취정보] 섭취대상: 성인남녀/섭취횟수, 양: 1일 1회, 1회 1포/섭취기간: 2주/형태: 분말/특징: 스틱형/
[인증] 건강기능식품/기능성: 체지방감소/
[기능성분] HCA: 750mg/비타민B1: 1.2mg/나이아신: 4.5mgNE/판토텐산: 5mg/비타민B6: 1.5mg",C:\dev\ZeroMoa\ZeroMoa\crawl_data\images\가르시니아\헬스밸런스 스키니랩 가르시니아 다이어트 블루레몬맛.jpg
비타민마을 에버비키니 콜레로뺄래 레드,"[주요성분] 가르시니아(HCA)/공액리놀레산(CLA)/콜레우스포스콜리/
[섭취정보] 섭취대상: 성인남녀/섭취횟수, 양: 1일 2회, 1회 2캡슐/섭취기간: 2주/형태: 캡슐,정/
[인증] 건강기능식품/기능성: 체지방감소/
[기능성분] 포스콜린: 50mg/공액리놀레산: 1,400mg/HCA: 750mg",C:\dev\ZeroMoa\ZeroMoa\crawl_data\images\가르시니아\비타민마을 에버비키니 콜레로뺄래 레드.jpg
닥터브라이언 밸런스핏 가르시니아&비타민B,"[주요성분] 가르시니아(HCA)/비타민B/
[섭취정보] 섭취대상: 성인남녀/섭취횟수, 양: 1일 4회, 1회 1캡슐/섭취기간: 1개월/형태: 캡슐,정/
[인증] 건강기능식품/기능성: 체지방감소/
[기능성분] HCA: 750mg",C:\dev\ZeroMoa\ZeroMoa\crawl_data\images\가르시니아\닥터브라이언 밸런스핏 가르시니아&비타민B.jpg
뉴트리디데이 NEW 다이어트 칼로리 스피드컷,"[주요성분] 가르시니아(HCA)/
[섭취정보] 섭취대상: 성인남녀/섭취횟수, 양: 1일 2회, 1회 2정/섭취기간: 4주/형태: 캡슐,정/
[인증] 건강기능식품/기능성: 체지방감소/
[기능성분] HCA: 756mg",C:\dev\ZeroMoa\ZeroMoa\crawl_data\images\가르시니아\뉴트리디데이 NEW 다이어트 칼로리 스피드컷.jpg
아모레퍼시픽 바이탈뷰티 메타그린 칼로리컷 젤리,"가르시니아(HCA)/섭취횟수, 양: 1일 1회,1포/형태: 젤리/특징: 스틱형/기능성: 체지방감소",C:\dev\ZeroMoa\ZeroMoa\crawl_data\images\가르시니아\아모레퍼시픽 바이탈뷰티 메타그린 칼로리컷 젤리.jpg
뉴트리디데이 카페빼네 헤이즐넛향,"[주요성분] 가르시니아(HCA)/
[섭취정보] 섭취대상: 성인남녀/섭취횟수, 양: 1일 2회, 1회 1포/섭취기간: 15일/형태: 분말/특징: 스틱형/
[인증] 건강기능식품/GMP/기능성: 체지방감소/
[기능성분] HCA: 750mg",C:\dev\ZeroMoa\ZeroMoa\crawl_data\images\가르시니아\뉴트리디데이 카페빼네 헤이즐넛향.jpg
나우푸드 가르시니아,"[주요성분] 가르시니아(HCA)/
[섭취정보] 섭취대상: 성인남녀/섭취횟수, 양: 1일 1회, 1회 1정/섭취기간: 8개월/형태: 캡슐,정/특징: 해외구매",C:\dev\ZeroMoa\ZeroMoa\crawl_data\images\가르시니아\나우푸드 가르시니아.jpg
애플트리김약사네 악마다이어트 아쿠아 프로 파인애플맛,"가르시니아(HCA)/섭취대상: 성인여성/섭취횟수, 양: 1일 1회, 1포/형태: 분말/특징: 스틱형/건강기능식품/GMP/기능성: 면역력 증진, 장 건강, 체지방감소, 항산화, 혈중 콜레스테롤 개선",C:\dev\ZeroMoa\ZeroMoa\crawl_data\images\가르시니아\애플트리김약사네 악마다이어트 아쿠아 프로 파인애플맛.jpg
비타민마을 에버비키니 빠질라카노 헤이즐넛향,"[주요성분] 가르시니아(HCA)/
[섭취정보] 섭취대상: 성인남녀/섭취횟수, 양: 1일 2회, 1회 1포/섭취기간: 1개월/형태: 분말/특징: 스틱형/
[인증] 건강기능식품/GMP/기능성: 체지방감소/
[기능성분] HCA: 750mg/비타민B1: 3.3mg/판토텐산: 5.2mg",C:\dev\ZeroMoa\ZeroMoa\crawl_data\images\가르시니아\비타민마을 에버비키니 빠질라카노 헤이즐넛향.jpg
한독화장품 클라라,"[주요성분] 가르시니아(HCA)/
[섭취정보] 섭취대상: 성인남녀/섭취횟수, 양: 1일 2회/형태: 환",C:\dev\ZeroMoa\ZeroMoa\crawl_data\images\가르시니아\한독화장품 클라라.jpg
메이준생활건강 메이준뉴트리 날씬 다이어트&유산균,"[주요성분] 프로바이오틱스/가르시니아(HCA)/보장균수(CFU): 1억/
[섭취정보] 섭취대상: 성인남녀/섭취횟수, 양: 1일 1회, 1회 1포/총량: 30포/섭취기간: 1개월/형태: 분말/특징: 스틱형/
[인증] 건강기능식품/기능성: 배변활동 원활, 장 건강, 체지방감소/
[기능성분] HCA: 750mg/비타민C: 100mg",C:\dev\ZeroMoa\ZeroMoa\crawl_data\images\가르시니아\메이준생활건강 메이준뉴트리 날씬 다이어트&유산균.jpg
동서바이오팜 오늘부터 웰컷 포 맨,"가르시니아(HCA)/섭취횟수, 양: 1일 2회, 3정/형태: 캡슐,정/건강기능식품/GMP/HACCP/기능성: 체지방감소, 혈중 콜레스테롤 개선",C:\dev\ZeroMoa\ZeroMoa\crawl_data\images\가르시니아\동서바이오팜 오늘부터 웰컷 포 맨.jpg
한풍네이처팜 에버비키니 키토시니아,"가르시니아(HCA)/섭취대상: 여성, 남성/섭취횟수, 양: 1일 2회, 4정/섭취기간: 14일분/형태: 캡슐,정/건강기능식품/GMP/기능성: 체지방감소",C:\dev\ZeroMoa\ZeroMoa\crawl_data\images\가르시니아\한풍네이처팜 에버비키니 키토시니아.jpg
오늘부터 슬림핑크 복숭아맛,"[주요성분] 차전자피 식이섬유/가르시니아(HCA)/
[섭취정보] 섭취대상: 성인남녀/섭취횟수, 양: 1일 2회, 1회 1포/섭취기간: 10일/형태: 분말/특징: 스틱형/
[인증] 건강기능식품/GMP/기능성: 배변활동 원활, 체지방감소, 혈중 콜레스테롤 개선/
[기능성분] HCA: 850mg/식이섬유: 5.5g",C:\dev\ZeroMoa\ZeroMoa\crawl_data\images\가르시니아\오늘부터 슬림핑크 복숭아맛.jpg
뉴트리디데이 카페빼네 에스프레소맛,"[주요성분] 가르시니아(HCA)/
[섭취정보] 섭취대상: 성인남녀/섭취횟수, 양: 1일 2회, 1회 1포/섭취기간: 15일/형태: 분말/특징: 스틱형/
[인증] 건강기능식품/GMP/기능성: 체지방감소/
[기능성분] HCA: 750mg",C:\dev\ZeroMoa\ZeroMoa\crawl_data\images\가르시니아\뉴트리디데이 카페빼네 에스프레소맛.jpg
애플트리김약사네 악마다이어트 아쿠아 프로 핑크피치맛,"가르시니아(HCA)/섭취대상: 성인여성/섭취횟수, 양: 1일 1회, 1포/형태: 분말/특징: 스틱형/건강기능식품/GMP/기능성: 면역력 증진, 장 건강, 체지방감소, 항산화, 혈중 콜레스테롤 개선",C:\dev\ZeroMoa\ZeroMoa\crawl_data\images\가르시니아\애플트리김약사네 악마다이어트 아쿠아 프로 핑크피치맛.jpg
퍼플랩스헬스케어 세리박스 세리번 비우밍 다이어트,"[주요성분] 차전자피 식이섬유/가르시니아(HCA)/
[섭취정보] 섭취대상: 성인남녀/섭취횟수, 양: 1일 1회, 1회 1포/섭취기간: 2주/형태: 분말/특징: 스틱형/
[인증] 건강기능식품/GMP/기능성: 배변활동 원활, 체지방감소, 혈중 콜레스테롤 개선/
[기능성분]",C:\dev\ZeroMoa\ZeroMoa\crawl_data\images\가르시니아\퍼플랩스헬스케어 세리박스 세리번 비우밍 다이어트.jpg
천호엔케어 데일리코어 가르시니아 다이어트,"[주요성분] 가르시니아(HCA)/
[섭취정보] 섭취대상: 성인남녀/섭취횟수, 양: 1일 2회, 1회 1정/섭취기간: 1개월/형태: 캡슐,정/
[인증] 건강기능식품/GMP/기능성: 체지방감소/
[기능성분] HCA: 1000mg",C:\dev\ZeroMoa\ZeroMoa\crawl_data\images\가르시니아\천호엔케어 데일리코어 가르시니아 다이어트.jpg
뉴트리디데이 다이어트 알로에겔 오리지날,"[주요성분] 알로에겔/가르시니아(HCA)/
[섭취정보] 섭취대상: 성인남녀/섭취횟수, 양: 1일 1회/형태: 음료(액상)/
[인증] 건강기능식품/기능성: 면역력 증진, 장 건강, 체지방감소, 피부 건강/
[기능성분] 총 다당체: 100mg/HCA: 1,000mg",C:\dev\ZeroMoa\ZeroMoa\crawl_data\images\가르시니아\뉴트리디데이 다이어트 알로에겔 오리지날.jpg
메디타민 슬림플래닛 트리플 슬림 다이어트,"[주요성분] 알로에전잎/가르시니아(HCA)/녹차추출물(카테킨)/
[섭취정보] 섭취대상: 성인남녀/섭취횟수, 양: 1일 2회, 1회 4정/섭취기간: 1개월/형태: 캡슐,정/
[인증] 건강기능식품/기능성: 배변활동 원활, 체지방감소, 항산화, 혈중 콜레스테롤 개선/
[기능성분] HCA: 1,000mg/카테킨: 380mg/안트라퀴논계화합물: 24mg",C:\dev\ZeroMoa\ZeroMoa\crawl_data\images\가르시니아\메디타민 슬림플래닛 트리플 슬림 다이어트.jpg
종근당건강 프리미엄 가르시니아 다이어트,"가르시니아(HCA)/섭취대상: 성인여성, 성인남성/섭취횟수, 양: 1일 2회,2정씩/섭취기간: 56일분/형태: 캡슐,정/HCA 750mg",C:\dev\ZeroMoa\ZeroMoa\crawl_data\images\가르시니아\종근당건강 프리미엄 가르시니아 다이어트.jpg
헬스밸런스 스키니랩 래피드 솔루션 다이어트,"[주요성분] 차전자피 식이섬유/가르시니아(HCA)/
[섭취정보] 섭취대상: 성인남녀/섭취횟수, 양: 1일 2회, 1회 1포/섭취기간: 4주/형태: 환/
[인증] 건강기능식품/기능성: 배변활동 원활, 체지방감소, 혈중 콜레스테롤 개선/
[기능성분] HCA: 1,000mg/차전자피 식이섬유: 4,500mg",C:\dev\ZeroMoa\ZeroMoa\crawl_data\images\가르시니아\헬스밸런스 스키니랩 래피드 솔루션 다이어트.jpg
일양약품 바디팻 신바이오틱스,"[주요성분] 신바이오틱스/가르시니아(HCA)/보장균수(CFU): 1억/
[섭취정보] 섭취대상: 성인남녀/섭취횟수, 양: 1일 1회, 1회 1포/총량: 30포/섭취기간: 1개월/형태: 캡슐,정/
[인증] 건강기능식품/GMP/기능성: 배변활동 원활, 장 건강, 체지방감소/
[기능성분] 프락토올리고당: 3,000mg/HCA: 750mg",C:\dev\ZeroMoa\ZeroMoa\crawl_data\images\가르시니아\일양약품 바디팻 신바이오틱스.jpg
코스맥스바이오 밸런스 프로틴 하이셀 슬림,"단백질보충제/가르시니아(HCA)/프리바이오틱스/종류: 산양유, 농축유청단백(WPC), 분리대두단백(ISP), 분리우유단백(MPI)/
[섭취정보] 섭취대상: 성인남녀/섭취횟수, 양: 1일 1회, 1회 2스푼/형태: 분말/
[인증] 건강기능식품/GMP/기능성: 골다공증발생 위험 감소, 배변활동 원활, 뼈 건강, 영양보충, 장 건강, 체지방감소/
[영양·기능정보] 표시기준량: 38g/열량: 135kcal/단백질: 18g/HCA: 750mg/프락토올리고당: 3g/비타민B6: 3mg/비타민D: 20㎍/칼슘: 350mg/아연: 2.55mg",C:\dev\ZeroMoa\ZeroMoa\crawl_data\images\가르시니아\코스맥스바이오 밸런스 프로틴 하이셀 슬림.jpg
튼튼닷컴 HCA 가르시니아 다이어트,"[주요성분] 가르시니아(HCA)/
[섭취정보] 섭취대상: 성인남녀/섭취횟수, 양: 1일 2회, 1회 1정/섭취기간: 6개월/형태: 캡슐,정/
[인증] 건강기능식품/기능성: 체지방감소/
[기능성분] HCA: 750mg",C:\dev\ZeroMoa\ZeroMoa\crawl_data\images\가르시니아\튼튼닷컴 HCA 가르시니아 다이어트.jpg
휴온스푸디언스 푸푸잘싸,"[주요성분] 식이섬유/가르시니아(HCA)/
[섭취정보] 섭취대상: 성인남녀/섭취횟수, 양: 1일 1회, 1회 1포/총량: 5포/섭취기간: 5일/형태: 음료(액상)/
[인증] 건강기능식품/GMP/기능성: 배변활동 원활, 체지방감소/
[기능성분] 식이섬유: 4.2g/HCA: 900mg",C:\dev\ZeroMoa\ZeroMoa\crawl_data\images\가르시니아\휴온스푸디언스 푸푸잘싸.jpg
윤오헬시 참진 바로환 다이어트,"가르시니아(HCA)/섭취횟수, 양: 1일 2회, 1포/섭취기간: 2주분/형태: 환/특징: 스틱형/건강기능식품/GMP/기능성: 체지방감소/Hydroxycitric acid 750mg",C:\dev\ZeroMoa\ZeroMoa\crawl_data\images\가르시니아\윤오헬시 참진 바로환 다이어트.jpg
비엘헬스케어 을지대학교 탄수화물 컷 가르시니아 다이어트6 플러스,"[주요성분] 가르시니아(HCA)/
[섭취정보] 섭취대상: 성인남녀/섭취횟수, 양: 1일 2회, 1회 1정/섭취기간: 2개월/형태: 캡슐,정/
[인증] 건강기능식품/기능성: 체지방감소/
[기능성분] HCA: 900mg/비타민B1: 1.2mg/비타민B2: 1.4mg/비타민B6: 1.5mg/비오틴: 30㎍/판토텐산: 5mg/나이아신: 15mgNE",C:\dev\ZeroMoa\ZeroMoa\crawl_data\images\가르시니아\비엘헬스케어 을지대학교 탄수화물 컷 가르시니아 다이어트6 플러스.jpg
비타민마을 에버비키니 빠질라카노 다크 로스트 블랜디드,"[주요성분] 가르시니아(HCA)/
[섭취정보] 섭취대상: 성인남녀/섭취횟수, 양: 1일 2회, 1회 1포/섭취기간: 2주/형태: 분말/특징: 스틱형/
[인증] 건강기능식품/GMP/기능성: 체지방감소/
[기능성분] HCA: 750mg",C:\dev\ZeroMoa\ZeroMoa\crawl_data\images\가르시니아\비타민마을 에버비키니 빠질라카노 다크 로스트 블랜디드.jpg
뉴트리디데이 비오틴 다이어트,"[주요성분] 가르시니아(HCA)/비오틴/
[섭취정보] 섭취대상: 성인남녀/섭취횟수, 양: 1일 1회, 1회 2정/섭취기간: 2개월/형태: 캡슐,정/
[인증] 건강기능식품/기능성: 체지방감소/
[기능성분] HCA: 750mg",C:\dev\ZeroMoa\ZeroMoa\crawl_data\images\가르시니아\뉴트리디데이 비오틴 다이어트.jpg
뉴트리원 뉴트리원라이프 블랙컷 다이어트 포맨,"[주요성분] 가르시니아(HCA)/
[섭취정보] 섭취대상: 성인남성/섭취횟수, 양: 1일 1회, 1회 2정/섭취기간: 1개월/형태: 캡슐,정/
[인증] 건강기능식품/GMP/기능성: 체지방감소/
[기능성분] HCA: 1,000mg/나이아신: 30mgNE/아연: 17mg/셀렌: 110㎍/구리: 1.6mg/비타민B12: 4.8㎍/비타민B6: 3mg/비타민B1: 2.4mg/비타민B2: 2.8mg/엽산: 800㎍",C:\dev\ZeroMoa\ZeroMoa\crawl_data\images\가르시니아\뉴트리원 뉴트리원라이프 블랙컷 다이어트 포맨.jpg
고헬씨 고 슬림 가르시니아 골드,"[주요성분] 가르시니아(HCA)/
[섭취정보] 섭취대상: 성인남녀/섭취횟수, 양: 1일 2회, 1회 1캡슐/섭취기간: 2개월/형태: 캡슐,정/특징: 해외구매",C:\dev\ZeroMoa\ZeroMoa\crawl_data\images\가르시니아\고헬씨 고 슬림 가르시니아 골드.jpg
로니웰 바디케어 다이어트 가르시니아,"[주요성분] 가르시니아(HCA)/
[섭취정보] 섭취대상: 성인남녀/섭취횟수, 양: 1일 1회, 1회 2정/섭취기간: 1개월/형태: 캡슐,정/
[인증] 건강기능식품/기능성: 체지방감소/
[기능성분] HCA: 750mg/비타민B1: 0.36mg/나이아신: 4.5mgNE/판토텐산: 1.5mg/비타민B6: 0.45mg",C:\dev\ZeroMoa\ZeroMoa\crawl_data\images\가르시니아\로니웰 바디케어 다이어트 가르시니아.jpg
순수식품 빼다방 커피 다이어트 가르시니아,"[주요성분] 가르시니아(HCA)/
[섭취정보] 섭취대상: 성인남녀/섭취횟수, 양: 1일 2회, 1회 1포/섭취기간: 15일/형태: 분말/
[인증] 건강기능식품/기능성: 체지방감소/
[기능성분] HCA: 780mg/식이섬유: 2,550mg",C:\dev\ZeroMoa\ZeroMoa\crawl_data\images\가르시니아\순수식품 빼다방 커피 다이어트 가르시니아.jpg
천호엔케어 배한호 원장 감비책 다이어트,"[주요성분] 난소화성말토덱스트린/가르시니아(HCA)/
[섭취정보] 섭취대상: 성인남녀/섭취횟수, 양: 1일 1회, 1회 1포/섭취기간: 2주/형태: 음료(액상)/건강기능식품/GMP/기능성: 배변활동 원활, 체지방감소, 혈당조절, 혈중 중성지질 개선/
[기능성분] HCA: 750mg/식이섬유: 5g",C:\dev\ZeroMoa\ZeroMoa\crawl_data\images\가르시니아\천호엔케어 배한호 원장 감비책 다이어트.jpg
메디쿼터스 바이탈헬스 바이탈슬림 다이어트 올인원 데이,"[주요성분] 가르시니아(HCA)/공액리놀레산(CLA)/녹차추출물(카테킨)/
[섭취정보] 섭취대상: 성인남녀/섭취횟수, 양: 1일 2회, 1회 1포/섭취기간: 15일/형태: 캡슐,정/
[인증] 건강기능식품/GMP/기능성: 체지방감소, 항산화, 혈중 콜레스테롤 개선/
[기능성분] HCA: 1,100mg/공액리놀레산: 1,400mg/카테킨: 300mg",C:\dev\ZeroMoa\ZeroMoa\crawl_data\images\가르시니아\메디쿼터스 바이탈헬스 바이탈슬림 다이어트 올인원 데이.jpg
뉴트리디데이 다이어트 칼로리 스피드컷,"[주요성분] 가르시니아(HCA)/
[섭취정보] 섭취대상: 성인남녀/섭취횟수, 양: 1일 2회, 1회 2정/섭취기간: 4주/형태: 캡슐,정/
[인증] 건강기능식품/기능성: 체지방감소/
[기능성분] HCA: 756mg",C:\dev\ZeroMoa\ZeroMoa\crawl_data\images\가르시니아\뉴트리디데이 다이어트 칼로리 스피드컷.jpg
종근당건강 가르시니아 다이어트 HCA,"[주요성분] 가르시니아(HCA)/
[섭취정보] 섭취대상: 성인남녀/섭취횟수, 양: 1일 2회, 1회 2정/섭취기간: 8주/형태: 캡슐,정/
[인증] 건강기능식품/GMP/기능성: 체지방감소/
[기능성분] HCA: 750mg",C:\dev\ZeroMoa\ZeroMoa\crawl_data\images\가르시니아\종근당건강 가르시니아 다이어트 HCA.jpg
순수식품 다이어트 유산균 19종 3중복합기능성,"가르시니아(HCA)/보장균수(CFU): 10억 CFU/형태: 분말/특징: 스틱형/건강기능식품/GMP/기능성: 장 건강, 체지방감소",C:\dev\ZeroMoa\ZeroMoa\crawl_data\images\가르시니아\순수식품 다이어트 유산균 19종 3중복합기능성.jpg
헬시오 시서스 앤 가르시니아,"[주요성분] 가르시니아(HCA)/시서스/
[섭취정보] 섭취대상: 성인남녀/섭취횟수, 양: 1일 1회, 1회 1정/섭취기간: 3개월/형태: 캡슐,정/특징: 해외구매",C:\dev\ZeroMoa\ZeroMoa\crawl_data\images\가르시니아\헬시오 시서스 앤 가르시니아.jpg
CMG제약 CMG제약 슬림버닝01,"가르시니아(HCA)/녹차추출물(카테킨)/섭취횟수, 양: 1일 2회, 2정/형태: 캡슐,정/건강기능식품/GMP/기능성: 체지방감소, 항산화, 혈중 콜레스테롤 개선",C:\dev\ZeroMoa\ZeroMoa\crawl_data\images\가르시니아\CMG제약 CMG제약 슬림버닝01.jpg
자연지애 다이어트 체지방 감소엔 칼로컷,"가르시니아(HCA)/섭취횟수, 양: 1일 1회, 3정/형태: 캡슐,정/건강기능식품/GMP/기능성: 체지방감소",C:\dev\ZeroMoa\ZeroMoa\crawl_data\images\가르시니아\자연지애 다이어트 체지방 감소엔 칼로컷.jpg
올바른 다이어트 유산균 가르시니아 슬림,"[주요성분] 프로바이오틱스/가르시니아(HCA)/보장균수(CFU): 1억/
[섭취정보] 섭취대상: 성인남녀/섭취횟수, 양: 1일 1회, 1회 1포/총량: 30포/섭취기간: 1개월/형태: 분말/특징: 스틱형/
[인증] 건강기능식품/기능성: 배변활동 원활, 장 건강, 체지방감소/
[기능성분] HCA: 750mg",C:\dev\ZeroMoa\ZeroMoa\crawl_data\images\가르시니아\올바른 다이어트 유산균 가르시니아 슬림.jpg
퍼플랩스헬스케어 세리박스 세리번 데이 트리플S,"[주요성분] 코로솔산(바나바잎)/가르시니아(HCA)/잔티젠/
[섭취정보] 섭취대상: 성인남녀/섭취횟수, 양: 1일 1회, 1회 1포/섭취기간: 2주/형태: 캡슐,정/
[인증] 건강기능식품/GMP/기능성: 체지방감소, 혈당조절/
[기능성분] HCA: 750mg/후코잔틴: 3mg/푸닉산: 174mg/코로솔산: 0.45mg/비타민B1: 1.2mg/비타민B2: 1.4mg/비타민B6: 1.5mg/비타민D: 10㎍/비타민E: 11mgα-TE/셀렌: 55㎍/엽산: 400㎍/판토텐산: 5mg",C:\dev\ZeroMoa\ZeroMoa\crawl_data\images\가르시니아\퍼플랩스헬스케어 세리박스 세리번 데이 트리플S.jpg
네이처뉴트리션 슈퍼하트 리셋카페,"[주요성분] 난소화성말토덱스트린/가르시니아(HCA)/
[섭취정보] 섭취대상: 성인남녀/섭취횟수, 양: 1일 2회, 1회 1포/섭취기간: 1주/형태: 분말/특징: 스틱형/
[인증] 건강기능식품/GMP/기능성: 배변활동 원활, 체지방감소/
[기능성분] HCA: 750 mg/식이섬유: 2.5g",C:\dev\ZeroMoa\ZeroMoa\crawl_data\images\가르시니아\네이처뉴트리션 슈퍼하트 리셋카페.jpg
코스맥스엔비티 쉬다정,"[주요성분] 가르시니아(HCA)/
[섭취정보] 섭취대상: 성인남녀/섭취횟수, 양: 1일 2회, 1회 2정/섭취기간: 1주/형태: 캡슐,정/
[인증] 건강기능식품/GMP/기능성: 체지방감소/
[기능성분] HCA: 750mg/비타민B1: 1.2mg/비타민B6: 1.5mg/비타민D: 10㎍/아연: 2.55mg",C:\dev\ZeroMoa\ZeroMoa\crawl_data\images\가르시니아\코스맥스엔비티 쉬다정.jpg
웅진 다릴한 공 한방 다이어트,"[주요성분] 가르시니아(HCA)/
[섭취정보] 섭취대상: 성인남녀/섭취횟수, 양: 1일 1회, 1회 1포/섭취기간: 2개월/형태: 음료(액상)/
[인증] 건강기능식품/기능성: 체지방감소/
[기능성분] HCA: 750mg",C:\dev\ZeroMoa\ZeroMoa\crawl_data\images\가르시니아\웅진 다릴한 공 한방 다이어트.jpg
일동생활건강 일동 가르시니아 다이어트 플러스 777,"[주요성분] 가르시니아(HCA)/
[섭취정보] 섭취대상: 성인남녀/섭취횟수, 양: 1일 1회, 1회 2정/섭취기간: 8주/형태: 캡슐,정/
[인증] 건강기능식품/기능성: 체지방감소/
[기능성분] HCA: 777mg",C:\dev\ZeroMoa\ZeroMoa\crawl_data\images\가르시니아\일동생활건강 일동 가르시니아 다이어트 플러스 777.jpg
통라이프 레드4 다이어트 가르시니아,"가르시니아(HCA)/섭취횟수, 양: 1일 3회, 3정/형태: 캡슐,정/건강기능식품/GMP/기능성: 관절, 연골 건강, 면역력 증진, 체지방감소, 항산화",C:\dev\ZeroMoa\ZeroMoa\crawl_data\images\가르시니아\통라이프 레드4 다이어트 가르시니아.jpg
안국약품 포텐샷 버닝 슬림,"[주요성분] 가르시니아(HCA)/
[섭취정보] 섭취대상: 성인남녀/섭취횟수, 양: 1일 1회, 1회 1포/섭취기간: 1개월/형태: 분말/특징: 스틱형/
[인증] 건강기능식품/GMP/기능성: 체지방감소/
[기능성분] HCA: 750mg",C:\dev\ZeroMoa\ZeroMoa\crawl_data\images\가르시니아\안국약품 포텐샷 버닝 슬림.jpg
한미양행 슬림02,"[주요성분] 알로에전잎/가르시니아(HCA)/
[섭취정보] 섭취대상: 성인남녀/섭취횟수, 양: 1일 2회, 1회 2정/섭취기간: 2주/형태: 캡슐,정/
[인증] 건강기능식품/GMP/기능성: 배변활동 원활, 체지방감소/
[기능성분] HCA: 750mg/무수바바로인: 20mg",C:\dev\ZeroMoa\ZeroMoa\crawl_data\images\가르시니아\한미양행 슬림02.jpg
나우푸드 수용성 가르시니아,"[주요성분] 가르시니아(HCA)/
[섭취정보] 섭취대상: 성인남녀/섭취횟수, 양: 1일 2회, 1회 2정 /섭취기간: 1개월/형태: 캡슐,정/
[인증] 건강기능식품/기능성: 체지방감소/
[기능성분] HCA: 1,000mg",C:\dev\ZeroMoa\ZeroMoa\crawl_data\images\가르시니아\나우푸드 수용성 가르시니아.jpg
비타민마을 에버비키니 콜레로뺄래 오리지널,"가르시니아(HCA)/섭취횟수, 양: 1일 1회, 3정/형태: 캡슐,정/건강기능식품/GMP/기능성: 체지방감소",C:\dev\ZeroMoa\ZeroMoa\crawl_data\images\가르시니아\비타민마을 에버비키니 콜레로뺄래 오리지널.jpg
루이스킴 슈퍼라인 울트라 22,"[주요성분] 가르시니아(HCA)/
[섭취정보] 섭취대상: 성인남녀/섭취횟수, 양: 1일 3회, 1회 2정/섭취기간: 1개월/형태: 캡슐,정/
[인증] 건강기능식품/GMP/기능성: 체지방감소/
[기능성분] HCA: 2,800mg",C:\dev\ZeroMoa\ZeroMoa\crawl_data\images\가르시니아\루이스킴 슈퍼라인 울트라 22.jpg
뉴트리디데이 빨간다이어트 고함량 가르시니아 1000,"가르시니아(HCA)/섭취횟수, 양: 1일 2회, 1정/형태: 캡슐,정/건강기능식품/GMP/기능성: 체지방감소",C:\dev\ZeroMoa\ZeroMoa\crawl_data\images\가르시니아\뉴트리디데이 빨간다이어트 고함량 가르시니아 1000.jpg
대상웰라이프 마이밀 퓨로틴 초코맛,"단백질보충제/가르시니아(HCA)/히알루론산/난소화성말토덱스트린/종류: 분리대두단백(ISP), 농축대두단백(SPC), 완두단백, 귀리단백/
[섭취정보] 섭취대상: 성인남녀/섭취횟수, 양: 1일 2회, 1회 1포/섭취기간: 1주/형태: 분말/특징: 스틱형/
[인증] 건강기능식품/GMP/기능성: 배변활동 원활, 영양보충, 체지방감소, 피부 보습, 혈당조절, 혈중 중성지질 개선/
[영양·기능정보] 표시기준량: 38g/열량: 125kcal/단백질: 15g/HCA: 750mg/히알루론산: 120mg/식이섬유: 5g/아연: 3mg/나이아신: 4.5mg",C:\dev\ZeroMoa\ZeroMoa\crawl_data\images\가르시니아\대상웰라이프 마이밀 퓨로틴 초코맛.jpg
일양약품 바디팻 가르시니아,"[주요성분] 가르시니아(HCA)/
[섭취정보] 섭취대상: 성인남녀/섭취횟수, 양: 1일 2회, 1회 1정/섭취기간: 4주/형태: 캡슐,정/
[인증] 건강기능식품/GMP/기능성: 체지방감소/
[기능성분] HCA: 800mg",C:\dev\ZeroMoa\ZeroMoa\crawl_data\images\가르시니아\일양약품 바디팻 가르시니아.jpg
굿헬스 가르시니아 캄보지아 9000 플러스,"[주요성분] 가르시니아(HCA)/
[섭취정보] 섭취대상: 성인남녀/형태: 캡슐,정/특징: 해외구매",C:\dev\ZeroMoa\ZeroMoa\crawl_data\images\가르시니아\굿헬스 가르시니아 캄보지아 9000 플러스.jpg
암웨이 뉴트리라이트 슬림 스마트,"[주요성분] 가르시니아(HCA)/
[섭취정보] 섭취대상: 성인남녀/섭취횟수, 양: 1일 3회, 1회 2정/섭취기간: 1개월/형태: 캡슐,정/
[인증] 건강기능식품/기능성: 체지방감소/
[기능성분] HCA: 333.34mg",C:\dev\ZeroMoa\ZeroMoa\crawl_data\images\가르시니아\암웨이 뉴트리라이트 슬림 스마트.jpg
금단미인 다이어트 탕,"가르시니아(HCA)/섭취횟수, 양: 1일 1회, 1포/형태: 음료(액상)/특징: 스틱형/건강기능식품/기능성: 체지방감소",C:\dev\ZeroMoa\ZeroMoa\crawl_data\images\가르시니아\금단미인 다이어트 탕.jpg
쿠팡 비타할로 내몸이 가벼운 가르시니아,"[주요성분] 가르시니아(HCA)/
[섭취정보] 섭취대상: 성인남녀/섭취횟수, 양: 1일 2회, 1회 1정/섭취기간: 56일/형태: 캡슐,정/
[인증] 건강기능식품/GMP/기능성: 체지방감소/
[기능성분] HCA: 900mg",C:\dev\ZeroMoa\ZeroMoa\crawl_data\images\가르시니아\쿠팡 비타할로 내몸이 가벼운 가르시니아.jpg
허브큐어 그리밀 가르시니아,"[주요성분] 가르시니아(HCA)/
[섭취정보] 섭취대상: 성인남녀/섭취횟수, 양: 1일 3회, 1회 1정/섭취기간: 1개월/형태: 캡슐,정/
[인증] 건강기능식품/GMP/기능성: 체지방감소/
[기능성분] HCA: 1,000mg/비타민A: 700㎍RE/비타민C: 100mg/비타민B1: 1.2mg/비타민B2: 1.4mg/나이아신: 15mgNE/판토텐산: 5mg/비타민B6: 1.5mg",C:\dev\ZeroMoa\ZeroMoa\crawl_data\images\가르시니아\허브큐어 그리밀 가르시니아.jpg
한미양행 한미생활건강 슬림바디01,"가르시니아(HCA)/섭취횟수, 양: 1일 2회, 4정/형태: 캡슐,정/건강기능식품/GMP/기능성: 체지방감소, 항산화, 혈중 콜레스테롤 개선",C:\dev\ZeroMoa\ZeroMoa\crawl_data\images\가르시니아\한미양행 한미생활건강 슬림바디01.jpg
시치미뚝 안먹은걸로 쓱,"[주요성분] 난소화성말토덱스트린/가르시니아(HCA)/
[섭취정보] 섭취대상: 성인남녀/섭취횟수, 양: 1일 1회, 1회 1포/섭취기간: 15일/형태: 분말/특징: 스틱형/
[인증] 건강기능식품/GMP/기능성: 배변활동 원활, 체지방감소, 혈당조절/
[기능성분] HCA: 1,500mg/식이섬유: 4.2g/판토텐산: 10mg/나이아신: 30mg/비타민B1: 2.4mg/비타민B2: 2.8mg/비타민B6: 3mg",C:\dev\ZeroMoa\ZeroMoa\crawl_data\images\가르시니아\시치미뚝 안먹은걸로 쓱.jpg
닥터엘리자베스 탄수화물 컷 가르시니아,"[주요성분] 가르시니아(HCA)/
[섭취정보] 섭취대상: 성인남녀/섭취횟수, 양: 1일 2회, 1회 2정/섭취기간: 1개월/형태: 캡슐,정/
[인증] 건강기능식품/기능성: 체지방감소/
[기능성분] HCA: 1,000mg",C:\dev\ZeroMoa\ZeroMoa\crawl_data\images\가르시니아\닥터엘리자베스 탄수화물 컷 가르시니아.jpg
시에트랩 데이케어 츄어블 가르시니아,"가르시니아(HCA)/섭취횟수, 양: 1일 3회, 1정/형태: 초콜릿,캔디류/건강기능식품/GMP/기능성: 면역력 증진, 체지방감소, 혈중 콜레스테롤 개선",C:\dev\ZeroMoa\ZeroMoa\crawl_data\images\가르시니아\시에트랩 데이케어 츄어블 가르시니아.jpg
에쓰씨엔지니어링 스위치온 다이어트 프로그램입 세트,"[주요성분] 보조제/가르시니아(HCA)/
[섭취정보] 섭취대상: 성인남녀/섭취횟수, 양: 1일 2회, 1회 1포/섭취기간: 23일/형태: 분말/특징: 스틱형/건강기능식품/GMP/기능성: 영양보충, 체지방감소/
[영양·기능정보] 표시기준량: 60g/열량: 230kcal/단백질: 36g/HCA: 760mg/나이아신: 15mgNE:/판토텐산: 5mg/아연: 8.5mg:/초단백질: 36mg",C:\dev\ZeroMoa\ZeroMoa\crawl_data\images\가르시니아\에쓰씨엔지니어링 스위치온 다이어트 프로그램입 세트.jpg
에버틴 다이어트톡 발포다이어트 레몬맛,"[주요성분] 가르시니아(HCA)/
[섭취정보] 섭취대상: 성인남녀/섭취횟수, 양: 1일 2회, 1회 1정/섭취기간: 18일/형태: 캡슐,정/특징: 발포형/
[인증] 건강기능식품/기능성: 체지방감소/
[기능성분] HCA: 375mg/나이아신: 15mgNE/판토텐산: 5mg/비타민D: 10㎍/비타민B6: 1.5mg",C:\dev\ZeroMoa\ZeroMoa\crawl_data\images\가르시니아\에버틴 다이어트톡 발포다이어트 레몬맛.jpg
룰더핏 에스컷 앤 액티브 다이어트,"[주요성분] 코로솔산(바나바잎)/가르시니아(HCA)/콜레우스포스콜리/
[섭취정보] 섭취대상: 성인남녀/섭취횟수, 양: 1일 1회, 1회 1포(3정)/섭취기간: 2주/형태: 캡슐,정/
[인증] 건강기능식품/GMP/기능성: 체지방감소, 혈당조절/
[기능성분] 포스콜린: 50mg/코로솔산: 0.45mg/HCA: 750mg/비타민B1: 1.2mg/비타민B2: 1.4mg/비타민B6: 1.5mg/비타민C: 100mg/나이아신: 15mgNE/판토텐산: 5mg/비오틴: 60㎍",C:\dev\ZeroMoa\ZeroMoa\crawl_data\images\가르시니아\룰더핏 에스컷 앤 액티브 다이어트.jpg
에스더포뮬러 여에스더 화이토릭스 팻블로커 가르시니아,"가르시니아(HCA)/섭취횟수, 양: 1일 3회, 1정/형태: 캡슐,정/건강기능식품/기능성: 체지방감소",C:\dev\ZeroMoa\ZeroMoa\crawl_data\images\가르시니아\에스더포뮬러 여에스더 화이토릭스 팻블로커 가르시니아.jpg
GRN 빨강이 다이어트 젤리,"가르시니아(HCA)/섭취횟수, 양: 1일 1회, 1포/형태: 젤리/특징: 스틱형/건강기능식품/기능성: 장 건강, 체지방감소",C:\dev\ZeroMoa\ZeroMoa\crawl_data\images\가르시니아\GRN 빨강이 다이어트 젤리.jpg
유한메디카 유한m 핏앤핏 가르시니아,"[주요성분] 가르시니아(HCA)/
[섭취정보] 섭취대상: 성인남녀/섭취횟수, 양: 1일 2회, 1회 2정/섭취기간: 1개월/형태: 캡슐,정/
[인증] 건강기능식품/GMP/기능성: 체지방감소/
[기능성분] HCA: 770mg/비타민C: 100mg",C:\dev\ZeroMoa\ZeroMoa\crawl_data\images\가르시니아\유한메디카 유한m 핏앤핏 가르시니아.jpg
에스더포뮬러 여에스더 유산균 슬림 가르시니아,"가르시니아(HCA)/섭취횟수, 양: 1일 1회, 1포/형태: 분말/특징: 스틱형/건강기능식품/GMP/기능성: 체지방감소",C:\dev\ZeroMoa\ZeroMoa\crawl_data\images\가르시니아\에스더포뮬러 여에스더 유산균 슬림 가르시니아.jpg
노비스바이오 오라뷰 제로톡 가르시니아 콤부차,가르시니아(HCA)/형태: 분말형/특징: 스틱형,C:\dev\ZeroMoa\ZeroMoa\crawl_data\images\가르시니아\노비스바이오 오라뷰 제로톡 가르시니아 콤부차.jpg
노바렉스 인생한방 슬리밍,"[주요성분] 가르시니아(HCA)/녹차추출물(카테킨)/
[섭취정보] 섭취대상: 성인남녀/섭취횟수, 양: 1일 1회, 1회 3정/섭취기간: 1개월/형태: 캡슐,정/
[인증] 건강기능식품/GMP/기능성: 체지방감소, 항산화, 혈중 콜레스테롤 개선/
[기능성분] 카테킨: 300mg/HCA: 750mg/나이아신: 15mgNE/판토텐산: 5mg/비타민D: 10㎍",C:\dev\ZeroMoa\ZeroMoa\crawl_data\images\가르시니아\노바렉스 인생한방 슬리밍.jpg
GC녹십자 건강한가 건강한가 가르시니아 다이어트,"가르시니아(HCA)/섭취횟수, 양: 1일 1회, 1포/형태: 분말/특징: 스틱형/건강기능식품/기능성: 면역력 증진, 체지방감소, 피부 건강, 항산화, 혈중 콜레스테롤 개선",C:\dev\ZeroMoa\ZeroMoa\crawl_data\images\가르시니아\GC녹십자 건강한가 건강한가 가르시니아 다이어트.jpg
GC녹십자웰빙 가르시니아 다이어트,"가르시니아(HCA)/비오틴/섭취횟수, 양: 1일 1회, 1포/형태: 캡슐,정/건강기능식품/기능성: 체지방감소, 피부 건강, 혈중 콜레스테롤 개선",C:\dev\ZeroMoa\ZeroMoa\crawl_data\images\가르시니아\GC녹십자웰빙 가르시니아 다이어트.jpg
네오팜 에버바이오 에버봄 하루비움 피티,"가르시니아(HCA)/섭취횟수, 양: 1일 1회, 1포/형태: 분말형/특징: 스틱형/건강기능식품/GMP/기능성: 체지방감소",C:\dev\ZeroMoa\ZeroMoa\crawl_data\images\가르시니아\네오팜 에버바이오 에버봄 하루비움 피티.jpg
비타민마을 에버비키니 빠질라카노 디-컷,"[주요성분] 가르시니아(HCA)/
[섭취정보] 섭취대상: 성인남녀/섭취횟수, 양: 1일 2회, 1회 1포/섭취기간: 45일/형태: 분말/
[인증] 건강기능식품/기능성: 체지방감소/
[기능성분] HCA: 750mg",C:\dev\ZeroMoa\ZeroMoa\crawl_data\images\가르시니아\비타민마을 에버비키니 빠질라카노 디-컷.jpg
오늘부터 다이어트 환,"[주요성분] 차전자피 식이섬유/가르시니아(HCA)/
[섭취정보] 섭취대상: 성인남녀/섭취횟수, 양: 1일 2회, 1회 1포/섭취기간: 15일/형태: 환/특징: 스틱형/
[인증] 건강기능식품/GMP/기능성: 배변활동 원활, 체지방감소, 혈중 콜레스테롤 개선/
[기능성분] HCA: 800mg/식이섬유: 5.5g",C:\dev\ZeroMoa\ZeroMoa\crawl_data\images\가르시니아\오늘부터 다이어트 환.jpg
라디메리 슬림미 다이어트 클렌즈 스틱,"[주요성분] 난소화성말토덱스트린/가르시니아(HCA)/
[섭취정보] 섭취대상: 성인남녀/섭취횟수, 양: 1일 1회, 1회 1포/섭취기간: 2주/형태: 음료(액상)/특징: 스틱형/
[인증] 건강기능식품/GMP/기능성: 배변활동 원활, 체지방감소, 혈당조절/
[기능성분] HCA: 750mg/식이섬유: 4.2g/비타민B1: 1.2mg/비타민B2: 1.4mg/비타민B6: 1.5mg/아연: 8.5mg",C:\dev\ZeroMoa\ZeroMoa\crawl_data\images\가르시니아\라디메리 슬림미 다이어트 클렌즈 스틱.jpg
닥터블릿 푸응 2주 스파르컷,"[주요성분] 가르시니아(HCA)/녹차추출물(카테킨)/
[섭취정보] 섭취대상: 성인남녀/섭취횟수, 양: 1일 2회, 1회 3정/섭취기간: 2주/형태: 캡슐,정/
[인증] 건강기능식품/GMP/기능성: 체지방감소, 항산화, 혈중 콜레스테롤 개선/
[기능성분] HCA: 2,800mg/카테킨: 300mg",C:\dev\ZeroMoa\ZeroMoa\crawl_data\images\가르시니아\닥터블릿 푸응 2주 스파르컷.jpg
한미양행 슬림 바디01,"[주요성분] 알로에전잎/가르시니아(HCA)/녹차추출물(카테킨)/
[섭취정보] 섭취대상: 성인남녀/섭취횟수, 양: 1일 2회, 1회 2정/섭취기간: 2주/형태: 캡슐,정/
[인증] 건강기능식품/기능성: 배변활동 원활, 체지방감소, 항산화, 혈중 콜레스테롤 개선/
[기능성분] HCA: 750mg/카테킨: 300mg/무수바바로인: 20mg",C:\dev\ZeroMoa\ZeroMoa\crawl_data\images\가르시니아\한미양행 슬림 바디01.jpg
네이처뉴트리션 슈퍼하트 슬림 히어로,"[주요성분] 가르시니아(HCA)/녹차추출물(카테킨)/
[섭취정보] 섭취대상: 성인남녀/섭취횟수, 양: 1일 2회, 1회 2정/섭취기간: 1개월/형태: 캡슐,정/
[인증] 건강기능식품/GMP/기능성: 체지방감소, 항산화, 혈중 콜레스테롤 개선/
[기능성분] HCA: 750mg/카테킨: 300mg",C:\dev\ZeroMoa\ZeroMoa\crawl_data\images\가르시니아\네이처뉴트리션 슈퍼하트 슬림 히어로.jpg
삼진제약 위시헬씨 유산균 다이어트 비컴핏,"[주요성분] 프로바이오틱스/가르시니아(HCA)/보장균수(CFU): 10억/
[섭취정보] 섭취대상: 성인남녀/섭취횟수, 양: 1일 1회, 1회 1포/총량: 14포/섭취기간: 2주/형태: 분말/특징: 스틱형/
[인증] 건강기능식품/기능성: 배변활동 원활, 장 건강, 체지방감소/
[기능성분] HCA: 750mg/판토텐산: 5mg/비타민B1: 1.2mg",C:\dev\ZeroMoa\ZeroMoa\crawl_data\images\가르시니아\삼진제약 위시헬씨 유산균 다이어트 비컴핏.jpg
GRN 분홍이 슬림밸런스 & 비오틴,"가르시니아(HCA)/비오틴/섭취횟수, 양: 1일 3회, 1정/형태: 캡슐,정/건강기능식품/GMP/기능성: 체지방감소",C:\dev\ZeroMoa\ZeroMoa\crawl_data\images\가르시니아\GRN 분홍이 슬림밸런스 & 비오틴.jpg
뉴일리 지금부터 다이어트,"[주요성분] 가르시니아(HCA)/
[섭취정보] 섭취대상: 성인남녀/섭취횟수, 양: 1일 2회, 1회 1정/섭취기간: 1개월/형태: 캡슐,정/
[인증] 건강기능식품/GMP/기능성: 체지방감소/
[기능성분] HCA: 750mg/셀렌: 55㎍/판토텐산: 5mg/비타민B1: 1.2mg/비타민B2: 1.4mg/비타민B6: 1.5mg",C:\dev\ZeroMoa\ZeroMoa\crawl_data\images\가르시니아\뉴일리 지금부터 다이어트.jpg
네츄럴굿띵스 속편한 다이어트,"[주요성분] 가르시니아(HCA)/
[섭취정보] 섭취대상: 성인남녀/섭취횟수, 양: 1일 1회, 1회 1포/섭취기간: 1개월/형태: 분말/특징: 스틱형/
[인증] 건강기능식품/GMP/기능성: 체지방감소/
[기능성분] HCA: 800mg/비타민B1: 0.36mg/비타민B2: 0.42mg/나이아신: 4.5mgNE/비타민B6: 0.45mg/비타민B12: 0.72㎍/비타민C: 30mg",C:\dev\ZeroMoa\ZeroMoa\crawl_data\images\가르시니아\네츄럴굿띵스 속편한 다이어트.jpg
비타민마을 에버비키니 하이드로컷 가르시니아 1200,"[주요성분] 가르시니아(HCA)/
[섭취정보] 섭취대상: 성인남녀/섭취횟수, 양: 1일 2회, 1회 1정/섭취기간: 2개월/형태: 캡슐,정/
[인증] 건강기능식품/GMP/기능성: 체지방감소/
[기능성분] HCA: 1,200mg",C:\dev\ZeroMoa\ZeroMoa\crawl_data\images\가르시니아\비타민마을 에버비키니 하이드로컷 가르시니아 1200.jpg
엠에스바이오텍 상쾌한 변화,"[주요성분] 식이섬유/가르시니아(HCA)/
[섭취정보] 섭취대상: 성인남녀/섭취횟수, 양: 1일 1회, 1회 1병/섭취기간: 6일/형태: 음료(액상)/
[인증] 건강기능식품/GMP/기능성: 배변활동 원활, 체지방감소/
[기능성분] HCA: 750mg/식이섬유: 2.5g",C:\dev\ZeroMoa\ZeroMoa\crawl_data\images\가르시니아\엠에스바이오텍 상쾌한 변화.jpg
제이원패밀리 김문호 건강백세 비책 다이어트 환,"[주요성분] 가르시니아(HCA)/
[섭취정보] 섭취대상: 성인남녀/섭취횟수, 양: 1일 1회, 1회 1포/섭취기간: 4주/형태: 환/특징: 스틱형/
[인증] 건강기능식품/GMP/기능성: 체지방감소/
[기능성분] HCA: 750mg",C:\dev\ZeroMoa\ZeroMoa\crawl_data\images\가르시니아\제이원패밀리 김문호 건강백세 비책 다이어트 환.jpg
종근당 가르시니아 다이어트 HCA,"가르시니아(HCA)/섭취대상: 여성, 남성/섭취횟수, 양: 1일 2회,2정씩/섭취기간: 2개월(1통)/형태: 캡슐,정/건강기능식품/GMP/기능성: 체지방감소",C:\dev\ZeroMoa\ZeroMoa\crawl_data\images\가르시니아\종근당 가르시니아 다이어트 HCA.jpg
스마트인핸서 미완성프로젝트 굶지 않는 다이어트 비밀이야,"[주요성분] 가르시니아(HCA)/
[섭취정보] 섭취대상: 성인남녀/섭취횟수, 양: 1일 2회, 1회 2정/섭취기간: 3주/형태: 캡슐,정/
[인증] 건강기능식품/GMP/
[기능성분] HCA: 1,500mg/비타민B1: 1.2mg/비타민B2: 1.4mg/비타민B6: 1.5mg/나이아신: 15mgNE/판토텐산: 5mg/비타민C: 100mg/비타민E: 11mgα-TE/셀렌: 55㎍/아연:8.5mg",C:\dev\ZeroMoa\ZeroMoa\crawl_data\images\가르시니아\스마트인핸서 미완성프로젝트 굶지 않는 다이어트 비밀이야.jpg
퍼플랩스헬스케어 세리박스 세리컷 프레소,"가르시니아(HCA)/섭취횟수, 양: 1일 2회, 1포/섭취기간: 25일(1박스)/형태: 분말형/특징: 스틱형/건강기능식품/GMP/기능성: 체지방감소",C:\dev\ZeroMoa\ZeroMoa\crawl_data\images\가르시니아\퍼플랩스헬스케어 세리박스 세리컷 프레소.jpg
퍼플랩스헬스케어 세리박스 세리컷 스타터 샤이닝,"가르시니아(HCA)/섭취횟수, 양: 1일 1회, 3정/형태: 캡슐,정/건강기능식품/GMP/기능성: 체지방감소",C:\dev\ZeroMoa\ZeroMoa\crawl_data\images\가르시니아\퍼플랩스헬스케어 세리박스 세리컷 스타터 샤이닝.jpg
허브큐어 원다이어트 슬림히트 가르시니아,"가르시니아(HCA)/섭취대상: 성인여성, 성인남성/섭취횟수, 양: 1일 2회, 3정씩/섭취기간: 15일(1통)/형태: 캡슐,정/건강기능식품/GMP/기능성: 체지방감소/Hydroxycitric Acid 1000mg",C:\dev\ZeroMoa\ZeroMoa\crawl_data\images\가르시니아\허브큐어 원다이어트 슬림히트 가르시니아.jpg
맥시즘 딥트 3일 스트롱 업,"[주요성분] 차전자피 식이섬유/가르시니아(HCA)/
[섭취정보] 섭취대상: 성인남녀/섭취횟수, 양: 1일 2회, 1회 1포/섭취기간: 7.5일/형태: 환/특징: 스틱형/
[인증] 건강기능식품/GMP/기능성: 배변활동 원활, 체지방감소/
[기능성분] HCA: 780mg/식이섬유: 4g",C:\dev\ZeroMoa\ZeroMoa\crawl_data\images\가르시니아\맥시즘 딥트 3일 스트롱 업.jpg
대상웰라이프 마이밀 퓨로틴 곡물맛,"단백질보충제/가르시니아(HCA)/히알루론산/난소화성말토덱스트린/종류: 분리대두단백(ISP), 농축대두단백(SPC), 완두단백, 귀리단백/
[섭취정보] 섭취대상: 성인남녀/섭취횟수, 양: 1일 2회, 1회 1포/섭취기간: 1주/형태: 분말/특징: 스틱형/
[인증] 건강기능식품/GMP/기능성: 배변활동 원활, 영양보충, 체지방감소, 피부 보습, 혈당조절, 혈중 중성지질 개선/
[영양·기능정보] 표시기준량: 38g/열량: 125kcal/단백질: 15g/HCA: 750mg/히알루론산: 120mg/식이섬유: 5g/아연: 3mg/나이아신: 4.5mg",C:\dev\ZeroMoa\ZeroMoa\crawl_data\images\가르시니아\대상웰라이프 마이밀 퓨로틴 곡물맛.jpg
비타민마을 에버비키니 프리미엄 수용성 가르시니아 정,"[주요성분] 가르시니아(HCA)/
[섭취정보] 섭취대상: 성인남녀/섭취횟수, 양: 1일 2회, 1회 2정/섭취기간: 1개월/형태: 캡슐,정/
[인증] 건강기능식품/GMP/기능성: 체지방감소/
[기능성분] HCA: 750mg/요오드: 150㎍/크롬: 123㎍",C:\dev\ZeroMoa\ZeroMoa\crawl_data\images\가르시니아\비타민마을 에버비키니 프리미엄 수용성 가르시니아 정.jpg
노바렉스 김석진LAB 다이어트 또박한팩,"가르시니아(HCA)/섭취대상: 여성, 남성/섭취횟수, 양: 1일 1회, 1포/섭취기간: 1개월분/형태: 캡슐,정/건강기능식품/기능성: 체지방감소",C:\dev\ZeroMoa\ZeroMoa\crawl_data\images\가르시니아\노바렉스 김석진LAB 다이어트 또박한팩.jpg
와이에스 김소형원방 다이어트카페 리얼 MUKAVE,"[주요성분] 난소화성말토덱스트린/가르시니아(HCA)/
[섭취정보] 섭취대상: 성인남녀/섭취횟수, 양: 1일 2회, 1회 1포/섭취기간: 1주/형태: 음료(액상)/특징: 스틱형/
[인증] 건강기능식품/GMP/기능성: 배변활동 원활, 체지방감소, 혈당조절/
[기능성분] HCA: 375mg/식이섬유: 2,100mg",C:\dev\ZeroMoa\ZeroMoa\crawl_data\images\가르시니아\와이에스 김소형원방 다이어트카페 리얼 MUKAVE.jpg
메이준생활건강 메이준뉴트리 날씬 다이어트 가르시니아 14플러스,"[주요성분] 가르시니아(HCA)/
[섭취정보] 섭취대상: 성인남녀/섭취횟수, 양: 1일 3회, 1회 1정/섭취기간: 1개월/형태: 캡슐,정/
[인증] 건강기능식품/기능성: 체지방감소/
[기능성분] HCA: 1,100mg/비타민A: 700㎍RE/비타민D: 10㎍/비타민E: 11mgα-TE/비타민B1: 12mg/비타민B2: 14mg/나이아신: 15mgNE/판토텐산: 5mg/비타민B6: 15mg/비타민B12: 24㎍/비오틴: 30㎍/비타민C: 200mg/아연: 8.5mg/셀렌: 110㎍",C:\dev\ZeroMoa\ZeroMoa\crawl_data\images\가르시니아\메이준생활건강 메이준뉴트리 날씬 다이어트 가르시니아 14플러스.jpg
비타민마을 에버비키니 지평책,"[주요성분] 가르시니아(HCA)/
[섭취정보] 섭취대상: 성인남녀/섭취횟수, 양: 1일 2회, 1회 1포/섭취기간: 2주/형태: 환/
[인증] 건강기능식품/GMP/기능성: 체지방감소/
[기능성분] HCA: 1.2g/식이섬유: 4g",C:\dev\ZeroMoa\ZeroMoa\crawl_data\images\가르시니아\비타민마을 에버비키니 지평책.jpg
프로피에스 챕터맨,"[주요성분] 옥타코사놀/가르시니아(HCA)/공액리놀레산(CLA)/
[섭취정보] 섭취대상: 성인남성/섭취횟수, 양: 1일 2회, 1회 2캡슐/섭취기간: 4주/형태: 캡슐,정/
[인증] 건강기능식품/기능성: 체지방감소/
[기능성분] HCA: 500mg/CLA: 700mg/옥타코사놀: 5.5mg",C:\dev\ZeroMoa\ZeroMoa\crawl_data\images\가르시니아\프로피에스 챕터맨.jpg
에버틴 에버슬림 발포 다이어트 레몬맛,"[주요성분] 가르시니아(HCA)/
[섭취정보] 섭취대상: 성인남녀/섭취횟수, 양: 1일 2회/형태: 캡슐,정/
[인증] 건강기능식품/기능성: 체지방감소/
[기능성분] HCA: 375mg",C:\dev\ZeroMoa\ZeroMoa\crawl_data\images\가르시니아\에버틴 에버슬림 발포 다이어트 레몬맛.jpg
한미양행 퍼스트빈 테이크아웃,"[주요성분] 가르시니아(HCA)/
[섭취정보] 섭취대상: 성인남녀/섭취횟수, 양: 1일 2회, 1회 1포/섭취기간: 1주/형태: 분말/
[인증] 건강기능식품/기능성: 체지방감소/
[기능성분] HCA: 750mg",C:\dev\ZeroMoa\ZeroMoa\crawl_data\images\가르시니아\한미양행 퍼스트빈 테이크아웃.jpg
뉴트리디데이 디카페 마일드 다이어트 마일드 스위트 아메리카노맛,"[주요성분] 가르시니아(HCA)/
[섭취정보] 섭취대상: 성인남녀/섭취횟수, 양: 1일 2회, 1회 1포/섭취기간: 45일/형태: 분말/
[인증] 건강기능식품/GMP/기능성: 체지방감소/
[기능성분] HCA: 750mg",C:\dev\ZeroMoa\ZeroMoa\crawl_data\images\가르시니아\뉴트리디데이 디카페 마일드 다이어트 마일드 스위트 아메리카노맛.jpg
비타민마을 에버비키니 빠질라카노,"[주요성분] 가르시니아(HCA)/
[섭취정보] 섭취대상: 성인남녀/섭취횟수, 양: 1일 2회, 1회 1포/섭취기간: 2개월/형태: 분말/특징: 스틱형/
[인증] 건강기능식품/GMP/기능성: 체지방감소/
[기능성분] HCA: 750mg",C:\dev\ZeroMoa\ZeroMoa\crawl_data\images\가르시니아\비타민마을 에버비키니 빠질라카노.jpg
내츄럴가이아 가르시니아 골드타임,"[주요성분] 가르시니아(HCA)/
[섭취정보] 섭취대상: 성인남녀/섭취횟수, 양: 1일 1회, 1회 2정/섭취기간: 8주/형태: 캡슐,정/
[인증] 건강기능식품/GMP/기능성: 체지방감소/
[기능성분] HCA: 750mg/비타민B6: 1.5mg/나이아신: 15mgNE/판토텐산: 5mg/비타민A: 700㎍RE/아연: 4.25mg/망간: 1.5mg/비타민D: 5㎍/비타민E: 5.5mgα-TE/엽산: 400㎍",C:\dev\ZeroMoa\ZeroMoa\crawl_data\images\가르시니아\내츄럴가이아 가르시니아 골드타임.jpg
코스맥스바이오 푸드올로지 콜레올로지 쾌변 젤리,"가르시니아(HCA)/섭취횟수, 양: 1일 1회, 1포/형태: 젤리/특징: 스틱형/건강기능식품/기능성: 체지방감소",C:\dev\ZeroMoa\ZeroMoa\crawl_data\images\가르시니아\코스맥스바이오 푸드올로지 콜레올로지 쾌변 젤리.jpg
맥시즘 딥트 3일 스트롱업,"가르시니아(HCA)/섭취횟수, 양: 1일 2회, 1포/형태: 분말, 환/특징: 스틱형/건강기능식품/GMP/기능성: 장 건강, 체지방감소",C:\dev\ZeroMoa\ZeroMoa\crawl_data\images\가르시니아\맥시즘 딥트 3일 스트롱업.jpg
라르크인터내셔널 마로셀 올데이 슬림컷 아메리카노맛,"[주요성분] 가르시니아(HCA)/
[섭취정보] 섭취대상: 성인남녀/섭취횟수, 양: 1일 1회, 1회 1포/섭취기간: 1개월/형태: 분말/특징: 스틱형/
[인증] 건강기능식품/기능성: 체지방감소/
[기능성분] HCA: 750mg",C:\dev\ZeroMoa\ZeroMoa\crawl_data\images\가르시니아\라르크인터내셔널 마로셀 올데이 슬림컷 아메리카노맛.jpg
네이처퓨어코리아 벨라미 다이어트 젤리 복숭아맛,"[주요성분] 난소화성말토덱스트린/가르시니아(HCA)/
[섭취정보] 섭취대상: 성인남녀/섭취횟수, 양: 1일 1회, 1회 1포/섭취기간: 2주/형태: 젤리/특징: 스틱형/
[인증] 건강기능식품/GMP/기능성: 배변활동 원활, 체지방감소/
[기능성분] HCA: 750mg/식이섬유: 4,200mg/비타민B2: 1.4mg/비타민B6: 1.6mg",C:\dev\ZeroMoa\ZeroMoa\crawl_data\images\가르시니아\네이처퓨어코리아 벨라미 다이어트 젤리 복숭아맛.jpg
어댑트 푸드올로지 콜레올로지 컷팅 젤리,"[주요성분] 가르시니아(HCA)/
[섭취정보] 섭취대상: 성인남녀/섭취횟수, 양: 1일 1회, 1회 1포/섭취기간: 10일/형태: 젤리/
[인증] 건강기능식품/GMP/기능성: 배변활동 원활, 장 건강, 체지방감소, 혈당조절/
[기능성분] HCA: 750mg, 식이섬유: 4,200mg",C:\dev\ZeroMoa\ZeroMoa\crawl_data\images\가르시니아\어댑트 푸드올로지 콜레올로지 컷팅 젤리.jpg
닥터블릿 푸응 2주 우먼컷,"[주요성분] 가르시니아(HCA)/
[섭취정보] 섭취대상: 성인남녀/섭취횟수, 양: 1일 2회, 1회 2정/섭취기간: 2주/형태: 캡슐,정/
[인증] 건강기능식품/GMP/기능성: 체지방감소/
[기능성분] HCA: 1,500mg/비타민B1: 1.2mg/비타민B2: 1.4mg/비타민B6: 1.5mg/비타민B12: 2.4mg/엽산: 400㎍/비오틴: 30㎍",C:\dev\ZeroMoa\ZeroMoa\crawl_data\images\가르시니아\닥터블릿 푸응 2주 우먼컷.jpg
그레이스클럽 그린몬스터 안티스트레스 다이어트 칼로버닝,"[주요성분] 홍경천/가르시니아(HCA)/
[섭취정보] 섭취대상: 성인남녀/섭취횟수, 양: 1일 2회, 1회 1포/섭취기간: 4주/형태: 캡슐,정/
[인증] 건강기능식품/GMP/기능성: 체지방감소/
[기능성분] HCA: 750mg/로사빈: 4.6mg/비타민B1: 1.2mg/비타민B2: 1.4mg/나이아신: 15mgNE/판토텐산: 5mg/비타민B6: 1.5mg/엽산: 400㎍/아연: 8.5mg",C:\dev\ZeroMoa\ZeroMoa\crawl_data\images\가르시니아\그레이스클럽 그린몬스터 안티스트레스 다이어트 칼로버닝.jpg
GRN 분홍이 쓰리데이즈,"[주요성분] 가르시니아(HCA)/
[섭취정보] 섭취대상: 성인남녀/섭취횟수, 양: 1일 1회, 1회 1병/섭취기간: 3일/형태: 음료(액상)/
[인증] 건강기능식품/기능성: 체지방감소/
[기능성분] HCA: 900mg/나이아신: 15mgNE",C:\dev\ZeroMoa\ZeroMoa\crawl_data\images\가르시니아\GRN 분홍이 쓰리데이즈.jpg
에버틴 다이어트톡 발포다이어트 석류맛,"[주요성분] 가르시니아(HCA)/
[섭취정보] 섭취대상: 성인남녀/섭취횟수, 양: 1일 2회, 1회 1정/섭취기간: 18일/형태: 캡슐,정/특징: 발포형/
[인증] 건강기능식품/기능성: 체지방감소/
[기능성분] HCA: 375mg/나이아신: 12mgNE/판토텐산: 5mg/비타민D: 10㎍/비타민B6: 1.5mg",C:\dev\ZeroMoa\ZeroMoa\crawl_data\images\가르시니아\에버틴 다이어트톡 발포다이어트 석류맛.jpg
동서바이오팜 오늘부터 슬림카페,"가르시니아(HCA)/섭취횟수, 양: 1일 1회, 1포/섭취기간: 1개월(1박스)/형태: 분말형/특징: 스틱형/건강기능식품/GMP/기능성: 체지방감소",C:\dev\ZeroMoa\ZeroMoa\crawl_data\images\가르시니아\동서바이오팜 오늘부터 슬림카페.jpg
내츄럴플러스 에버핏 가르시니아 이너 다이어트,"가르시니아(HCA)/섭취대상: 성인여성, 성인남성/섭취횟수, 양: 1일 1회,2정씩/섭취기간: 1개월(1통)/형태: 캡슐,정/건강기능식품/기능성: 면역력 증진, 체지방감소/hca750mg",C:\dev\ZeroMoa\ZeroMoa\crawl_data\images\가르시니아\내츄럴플러스 에버핏 가르시니아 이너 다이어트.jpg
"뉴트리디데이 카페빼네 에스프레소맛 3,","가르시니아(HCA)/섭취횟수, 양: 1일 2회, 1포/섭취기간: 15일(1박스)/형태: 분말형/특징: 스틱형/건강기능식품/GMP/기능성: 체지방감소/Hydroxycitric acid 750mg","C:\dev\ZeroMoa\ZeroMoa\crawl_data\images\가르시니아\뉴트리디데이 카페빼네 에스프레소맛 3,.jpg"
경남제약헬스케어 케어플러스 리셋 다이어트,"[주요성분] 난소화성말토덱스트린/가르시니아(HCA)/
[섭취정보] 섭취대상: 성인남녀/섭취횟수, 양: 1일 1회, 1회 1포/섭취기간: 5일/형태: 음료(액상)/
[인증] 건강기능식품/GMP/기능성: 배변활동 원활, 체지방감소/
[기능성분] HCA: 900mg/식이섬유: 4.2g",C:\dev\ZeroMoa\ZeroMoa\crawl_data\images\가르시니아\경남제약헬스케어 케어플러스 리셋 다이어트.jpg
메디타민 슬림플래닛 가르시니아,"[주요성분] 가르시니아(HCA)/
[섭취정보] 섭취대상: 성인남녀/섭취횟수, 양: 1일 2회, 1회 3정/섭취기간: 1개월/형태: 캡슐,정/
[인증] 건강기능식품/GMP/기능성: 체지방감소/
[기능성분] HCA: 1,750mg",C:\dev\ZeroMoa\ZeroMoa\crawl_data\images\가르시니아\메디타민 슬림플래닛 가르시니아.jpg
헬스하우스 허리쏘옥 다이어트 다크 아메리카노맛,"[주요성분] 가르시니아(HCA)/
[섭취정보] 섭취대상: 성인남녀/섭취횟수, 양: 1일 1회, 1회 1포/섭취기간: 1개월/형태: 분말/
[인증] 건강기능식품/GMP/기능성: 체지방감소/
[기능성분] HCA: 750mg",C:\dev\ZeroMoa\ZeroMoa\crawl_data\images\가르시니아\헬스하우스 허리쏘옥 다이어트 다크 아메리카노맛.jpg
뉴트리원 비비랩 다이어트 앤 유산균,"[주요성분] 프로바이오틱스/가르시니아(HCA)/보장균수(CFU): 10억/
[섭취정보] 섭취대상: 성인남녀/섭취횟수, 양: 1일 1회, 1회 1포/총량: 14포/섭취기간: 2주/형태: 분말/특징: 스틱형/
[인증] 건강기능식품/기능성: 배변활동 원활, 장 건강, 체지방감소/
[기능성분] HCA: 750mg/비타민C: 50mg",C:\dev\ZeroMoa\ZeroMoa\crawl_data\images\가르시니아\뉴트리원 비비랩 다이어트 앤 유산균.jpg
GRN 탄수화물 컷 분홍이 포켓,"[주요성분] 가르시니아(HCA)/
[섭취정보] 섭취대상: 성인남녀/섭취횟수, 양: 1일 1회, 1회 1포/섭취기간: 2주/형태: 캡슐,정/
[인증] 건강기능식품/GMP/기능성: 체지방감소/
[기능성분] HCA: 750mg/비타민A: 210㎍RE/비타민B1: 0.36mg/비타민B2: 0.42mg/비타민B6: 0.45mg/나이아신: 4.5mgNE/판토텐산: 1.5mg/비타민C: 30mg/셀렌: 17㎍/아연: 2.55mg",C:\dev\ZeroMoa\ZeroMoa\crawl_data\images\가르시니아\GRN 탄수화물 컷 분홍이 포켓.jpg
GRN 시즌2 블랙 에너지 다이어트 검정이,"[주요성분] 밀크씨슬/옥타코사놀/가르시니아(HCA)/
[섭취정보] 섭취대상: 성인남녀/섭취횟수, 양: 1일 3회, 1회 1정/섭취기간: 1개월/형태: 캡슐,정/
[인증] 건강기능식품/GMP/기능성: 간 건강, 체지방감소/
[기능성분] HCA: 750mg/옥타코사놀: 7mg/실리마린: 130mg",C:\dev\ZeroMoa\ZeroMoa\crawl_data\images\가르시니아\GRN 시즌2 블랙 에너지 다이어트 검정이.jpg
프로스랩 슬림 프로바이오틱스,"[주요성분] 프로바이오틱스/가르시니아(HCA)/보장균수(CFU): 50억/
[섭취정보] 섭취대상: 성인남녀/섭취횟수, 양: 1일 2회, 1회 1포/총량: 30포/섭취기간: 15일/형태: 분말/특징: 스틱형/
[인증] 건강기능식품/GMP/기능성: 배변활동 원활, 장 건강, 체지방감소/
[기능성분] HCA: 750mg",C:\dev\ZeroMoa\ZeroMoa\crawl_data\images\가르시니아\프로스랩 슬림 프로바이오틱스.jpg
그레이스클럽 그린몬스터 칼로버닝,"[주요성분] 가르시니아(HCA)/
[섭취정보] 섭취대상: 성인남녀/섭취횟수, 양: 1일 2회, 1회 1포/섭취기간: 2주/형태: 캡슐,정/
[인증] 건강기능식품/GMP/기능성: 체지방감소/
[기능성분] HCA: 750mg/로사빈: 5mg",C:\dev\ZeroMoa\ZeroMoa\crawl_data\images\가르시니아\그레이스클럽 그린몬스터 칼로버닝.jpg
비타민마을 에버비키니 한방에 뺄래,"[주요성분] 알로에전잎/가르시니아(HCA)/녹차추출물(카테킨)/
[섭취정보] 섭취대상: 성인남녀/섭취횟수, 양: 1일 2회, 1회 1포/섭취기간: 2주/형태: 캡슐,정/
[인증] 건강기능식품/GMP/기능성: 배변활동 원활, 체지방감소, 항산화, 혈중 콜레스테롤 개선/
[기능성분] HCA: 900mg/카테킨: 380mg/무수바바로인: 25mg",C:\dev\ZeroMoa\ZeroMoa\crawl_data\images\가르시니아\비타민마을 에버비키니 한방에 뺄래.jpg
네추럴라이즈 프로바이오틱스 유산균 다이어트,"[주요성분] 프로바이오틱스/가르시니아(HCA)/보장균수(CFU): 1억/
[섭취정보] 섭취대상: 성인남녀/섭취횟수, 양: 1일 2회, 1회 1포/형태: 분말/특징: 스틱형/
[인증] 건강기능식품/기능성: 배변활동 원활, 장 건강, 체지방감소/
[기능성분] HCA: 800mg",C:\dev\ZeroMoa\ZeroMoa\crawl_data\images\가르시니아\네추럴라이즈 프로바이오틱스 유산균 다이어트.jpg
LG생활건강 리튠 다이어트 에스카페,"[주요성분] 난소화성말토덱스트린/가르시니아(HCA)/
[섭취정보] 섭취대상: 성인남녀/섭취횟수, 양: 1일 2회, 1회 1포/섭취기간: 1주/형태: 분말/특징: 스틱형/
[인증] 건강기능식품/기능성: 배변활동 원활, 체지방감소, 혈당조절/
[기능성분] HCA: 380mg/식이섬유: 2.1g",C:\dev\ZeroMoa\ZeroMoa\crawl_data\images\가르시니아\LG생활건강 리튠 다이어트 에스카페.jpg
네이처퓨어코리아 벨라미 다이어트 젤리 청포도맛,"[주요성분] 난소화성말토덱스트린/가르시니아(HCA)/
[섭취정보] 섭취대상: 성인남녀/섭취횟수, 양: 1일 1회, 1회 1포/섭취기간: 2주/형태: 젤리/특징: 스틱형/
[인증] 건강기능식품/GMP/기능성: 배변활동 원활, 체지방감소/
[기능성분] HCA: 750mg/식이섬유: 4,200mg/비타민B2: 1.4mg/비타민B6: 1.6mg",C:\dev\ZeroMoa\ZeroMoa\crawl_data\images\가르시니아\네이처퓨어코리아 벨라미 다이어트 젤리 청포도맛.jpg
비타민마을 에버비키니 한방에뺄래,"[주요성분] 알로에전잎/가르시니아(HCA)/녹차추출물(카테킨)/
[섭취정보] 섭취대상: 성인남녀/섭취횟수, 양: 1일 2회, 1회 1포/섭취기간: 2주/형태: 캡슐,정/
[인증] 건강기능식품/GMP/기능성: 배변활동 원활, 체지방감소, 항산화, 혈중 콜레스테롤 개선/
[기능성분] HCA: 900mg/카테킨: 380mg/안트라퀴논계화합물(무수바바로인으로서): 25mg",C:\dev\ZeroMoa\ZeroMoa\crawl_data\images\가르시니아\비타민마을 에버비키니 한방에뺄래.jpg
뉴트리딘 프리미엄 가르시니아 다이어트 플러스,"[주요성분] 알로에전잎/가르시니아(HCA)/
[섭취정보] 섭취대상: 성인남녀/섭취횟수, 양: 1일 1회, 1회 3정/섭취기간: 1개월/형태: 캡슐,정/
[인증] 건강기능식품/GMP/기능성: 배변활동 원활, 체지방감소/
[기능성분] HCA: 750mg/안트라퀴논계화합물(무수바바로인): 20mg/비타민B1: 1.2mg/비타민B2: 1.4mg/비타민B6: 1.5mg",C:\dev\ZeroMoa\ZeroMoa\crawl_data\images\가르시니아\뉴트리딘 프리미엄 가르시니아 다이어트 플러스.jpg
트리즈커머스 마이해빗 발포 다이어트 가벼운 습관,"[주요성분] 가르시니아(HCA)/
[섭취정보] 섭취대상: 성인남녀/섭취횟수, 양: 1일 2회, 1회 1정/섭취기간: 15일/형태: 캡슐,정/
[인증] 건강기능식품/GMP/기능성: 체지방감소/
[기능성분] HCA: 375mg/비타민C: 250mg/나이아신: 7.5mg/아연: 4.25mg/판토텐산: 2.5mg/비타민B2: 2.1mg/비타민B1: 1.5mg",C:\dev\ZeroMoa\ZeroMoa\crawl_data\images\가르시니아\트리즈커머스 마이해빗 발포 다이어트 가벼운 습관.jpg
뉴메이트 씹어먹는 다이어트 슬림핏8,"[주요성분] 가르시니아(HCA)/
[섭취정보] 섭취대상: 성인남녀/섭취횟수, 양: 1일 2회, 1회 1정/섭취기간: 12주/형태: 캡슐,정/
[인증] 건강기능식품/GMP/기능성: 체지방감소/
[기능성분] HCA: 750mg/셀렌: 27.5㎍/나이아신: 5mgNE/아연: 3mg/망간: 1.2mg/판토텐산: 2.6mg/비타민B1: 2.2mg/비타민B6: 2.5mg/비타민B2: 1.4mg",C:\dev\ZeroMoa\ZeroMoa\crawl_data\images\가르시니아\뉴메이트 씹어먹는 다이어트 슬림핏8.jpg
내츄럴플러스 에버핏 다이어트 천사,"[주요성분] 가르시니아(HCA)/
[섭취정보] 섭취대상: 성인남녀/섭취횟수, 양: 1일 2회, 1회 1정/섭취기간: 16주/형태: 캡슐,정/
[인증] 건강기능식품/기능성: 체지방감소/
[기능성분] HCA: 1,004mg",C:\dev\ZeroMoa\ZeroMoa\crawl_data\images\가르시니아\내츄럴플러스 에버핏 다이어트 천사.jpg
파라다이스 가르시니아 캄보지아,"[주요성분] 가르시니아(HCA)/
[섭취정보] 섭취대상: 성인남녀/형태: 캡슐,정/특징: 해외구매",C:\dev\ZeroMoa\ZeroMoa\crawl_data\images\가르시니아\파라다이스 가르시니아 캄보지아.jpg
에이플네이처 칼로바이 녹차카테킨 가르시니아 더블 컷,"[주요성분] 가르시니아(HCA)/녹차추출물(카테킨)/
[섭취정보] 섭취대상: 성인남녀/섭취횟수, 양: 1일 2회, 1회 4정/섭취기간: 1개월/형태: 캡슐,정/
[영양정보] 1일 섭취량당 열량: 5kcal/탄수화물: 1g/단백질: 0g/지방: 0g/나트륨: 0mg/HCA: 750mg/카테킨: 300mg/비타민E: 11mgα-TE",C:\dev\ZeroMoa\ZeroMoa\crawl_data\images\가르시니아\에이플네이처 칼로바이 녹차카테킨 가르시니아 더블 컷.jpg
일동후디스 하이뮨 프로틴 밸런스 앤 바디 스틱,"단백질보충제/가르시니아(HCA)/히알루론산/종류: 산양유, 농축유청단백(WPC), 분리유청단백(WPI), 분리대두단백(ISP), 농축우유단백(MPC)/
[섭취정보] 섭취대상: 성인남녀/섭취횟수, 양: 1일 1회, 1회 2포/섭취기간: 10일/형태: 분말/특징: 스틱형/
[인증] 건강기능식품/GMP/기능성: 영양보충, 피부 보습/
[영양·기능정보] 표시기준량: 38g/열량: 125kcal/단백질: 20g/아연: 4mg/비타민D: 10㎍/HCA: 800mg/식이섬유: 2.5g/히알루론산: 120mg",C:\dev\ZeroMoa\ZeroMoa\crawl_data\images\가르시니아\일동후디스 하이뮨 프로틴 밸런스 앤 바디 스틱.jpg
에이치엘사이언스 모로실 다이어트 핏 3CG 4주분,가르시니아(HCA),C:\dev\ZeroMoa\ZeroMoa\crawl_data\images\가르시니아\에이치엘사이언스 모로실 다이어트 핏 3CG 4주분.jpg
에이플네이처 칼로바이 녹차카테킨 가르시니아 더블컷,"가르시니아(HCA)/섭취횟수, 양: 1일 2회, 2정/형태: 캡슐,정/건강기능식품/GMP/기능성: 면역력 증진, 체지방감소, 항산화, 혈중 콜레스테롤 개선",C:\dev\ZeroMoa\ZeroMoa\crawl_data\images\가르시니아\에이플네이처 칼로바이 녹차카테킨 가르시니아 더블컷.jpg
메디타민 슬림플래닛 가르시니아비포밀,"[주요성분] 가르시니아(HCA)/
[섭취정보] 섭취대상: 성인남녀/섭취횟수, 양: 1일 2회, 1회 3정/형태: 캡슐,정/
[인증] 건강기능식품/기능성: 체지방감소/
[기능성분] HCA: 1,625mg",C:\dev\ZeroMoa\ZeroMoa\crawl_data\images\가르시니아\메디타민 슬림플래닛 가르시니아비포밀.jpg
동국제약 유어핏 가르시니아 캄보지아 1000,"가르시니아(HCA)/섭취대상: 성인여성, 성인남성/섭취횟수, 양: 1일 1회, 2정/형태: 캡슐,정/건강기능식품/GMP/기능성: 체지방감소",C:\dev\ZeroMoa\ZeroMoa\crawl_data\images\가르시니아\동국제약 유어핏 가르시니아 캄보지아 1000.jpg
비타민마을 가르시니아 포텐,"[주요성분] 가르시니아(HCA)/
[섭취정보] 섭취대상: 성인남녀/섭취횟수, 양: 1일 1회, 1회 2정/섭취기간: 1개월/형태: 캡슐,정/
[인증] 건강기능식품/GMP/기능성: 체지방감소/
[기능성분] HCA: 750mg",C:\dev\ZeroMoa\ZeroMoa\crawl_data\images\가르시니아\비타민마을 가르시니아 포텐.jpg
한국바이오건강 에버봄 부티,"가르시니아(HCA)/섭취횟수, 양: 1일 2회, 1포/형태: 분말/건강기능식품/GMP/기능성: 면역력 증진, 체지방감소, 항산화",C:\dev\ZeroMoa\ZeroMoa\crawl_data\images\가르시니아\한국바이오건강 에버봄 부티.jpg
굿헬스 가르시니아 9000플러스,"가르시니아(HCA)/형태: 캡슐,정/기능성: 체지방감소",C:\dev\ZeroMoa\ZeroMoa\crawl_data\images\가르시니아\굿헬스 가르시니아 9000플러스.jpg
조은약초 예루살렘 아티초크 돼지감자 볶은 뚱딴지,가르시니아(HCA),C:\dev\ZeroMoa\ZeroMoa\crawl_data\images\가르시니아\조은약초 예루살렘 아티초크 돼지감자 볶은 뚱딴지.jpg
프라임헬스바이오 좋은습관 수국잎 열수추출물월분 5% 할인,가르시니아(HCA),C:\dev\ZeroMoa\ZeroMoa\crawl_data\images\가르시니아\프라임헬스바이오 좋은습관 수국잎 열수추출물월분 5% 할인.jpg
대웅생명과학 가르시니아 플러스32주분,가르시니아(HCA),C:\dev\ZeroMoa\ZeroMoa\crawl_data\images\가르시니아\대웅생명과학 가르시니아 플러스32주분.jpg
코스맥스엔비티 니씨드 오늘컷 맥스,"가르시니아(HCA)/섭취횟수, 양: 1일 2회, 1포/형태: 젤리/특징: 스틱형/건강기능식품/GMP/기능성: 장 건강, 체지방감소, 혈중 콜레스테롤 개선",C:\dev\ZeroMoa\ZeroMoa\crawl_data\images\가르시니아\코스맥스엔비티 니씨드 오늘컷 맥스.jpg
뉴트리바이오텍 일동제약 마이니 다이어트 구미 12구미,"가르시니아(HCA)/섭취대상: 성인여성, 성인남성/섭취횟수, 양: 1일 2회,3구미씩/형태: 젤리/건강기능식품/기능성: 체지방감소",C:\dev\ZeroMoa\ZeroMoa\crawl_data\images\가르시니아\뉴트리바이오텍 일동제약 마이니 다이어트 구미 12구미.jpg
스마트인핸서 미완성프로젝트 탄수화물컷팅제 비밀이야 가르시니아 보조제,"가르시니아(HCA)/섭취횟수, 양: 1일 2회, 2정/형태: 캡슐,정/건강기능식품/GMP/기능성: 면역력 증진, 체지방감소, 항산화, 혈중 콜레스테롤 개선",C:\dev\ZeroMoa\ZeroMoa\crawl_data\images\가르시니아\스마트인핸서 미완성프로젝트 탄수화물컷팅제 비밀이야 가르시니아 보조제.jpg
종근당 가르시니아 다이어트 HCA16주분,다이어트보조제/가르시니아(HCA),C:\dev\ZeroMoa\ZeroMoa\crawl_data\images\가르시니아\종근당 가르시니아 다이어트 HCA16주분.jpg
네츄럴플러스 권나라 에버핏 다이어트 발포 가르시니아6통 /에버핏,가르시니아(HCA)/헬스/다이어트/이너뷰티/다이어트보조제/가르시니아,C:\dev\ZeroMoa\ZeroMoa\crawl_data\images\가르시니아\네츄럴플러스 권나라 에버핏 다이어트 발포 가르시니아6통 _에버핏.jpg
통라이프 레드1다이어트-가르시니아 마그네슘 아연 비타민D-,"비타민D/섭취대상: 성인남녀/기능성: 관절, 연골 건강, 뼈 건강/가르시니아(HCA)/섭취대상:성인남녀/효능:관절,뼈건강,치아건강",C:\dev\ZeroMoa\ZeroMoa\crawl_data\images\가르시니아\통라이프 레드1다이어트-가르시니아 마그네슘 아연 비타민D-.jpg
한미양행 그린몬스터 다이어트 체지방 쑥,"가르시니아(HCA)/섭취횟수, 양: 1일 1회, 2정/형태: 캡슐,정/건강기능식품/GMP/기능성: 체지방감소",C:\dev\ZeroMoa\ZeroMoa\crawl_data\images\가르시니아\한미양행 그린몬스터 다이어트 체지방 쑥.jpg
콜마비앤에이치 이지퀵 다이어트,"가르시니아(HCA)/섭취횟수, 양: 1일 1회,1포/특징: 스틱형/기능성: 체지방감소",C:\dev\ZeroMoa\ZeroMoa\crawl_data\images\가르시니아\콜마비앤에이치 이지퀵 다이어트.jpg
일동생활건강 가르시니아 다이어트 플러스777,"가르시니아(HCA)/섭취횟수, 양: 1일 1회, 2정/형태: 캡슐,정/건강기능식품/기능성: 체지방감소, 혈중 콜레스테롤 개선",C:\dev\ZeroMoa\ZeroMoa\crawl_data\images\가르시니아\일동생활건강 가르시니아 다이어트 플러스777.jpg
비엘헬스케어 녹십자웰빙 PNT 가르시니아,"가르시니아(HCA)/섭취횟수, 양: 1일 1회, 2정/형태: 캡슐,정/건강기능식품/기능성: 체지방감소",C:\dev\ZeroMoa\ZeroMoa\crawl_data\images\가르시니아\비엘헬스케어 녹십자웰빙 PNT 가르시니아.jpg
헬스하우스 허리쏘옥 다이어트 다크 아메리카노맛 가르시니아,가르시니아(HCA)/헬스/다이어트/이너뷰티/다이어트보조제/가르시니아,C:\dev\ZeroMoa\ZeroMoa\crawl_data\images\가르시니아\헬스하우스 허리쏘옥 다이어트 다크 아메리카노맛 가르시니아.jpg
동서바이오팜 오늘부터 웰컷,"가르시니아(HCA)/섭취횟수, 양: 1일 1회, 2포/건강기능식품/GMP/기능성: 장 건강, 체지방감소",C:\dev\ZeroMoa\ZeroMoa\crawl_data\images\가르시니아\동서바이오팜 오늘부터 웰컷.jpg
한국바이오팜 닥터블릿 푸응 다이어트,"가르시니아(HCA)/섭취횟수, 양: 1일 2회,1포/섭취기간: 7일분/형태: 분말형/특징: 스틱형/건강기능식품/GMP/기능성: 장건강, 체지방감소/복숭아맛",C:\dev\ZeroMoa\ZeroMoa\crawl_data\images\가르시니아\한국바이오팜 닥터블릿 푸응 다이어트.jpg
보령제약 보령 마시는 가르시니아 모로오렌지 다이어트월분,가르시니아(HCA)/홍삼/건강식품,C:\dev\ZeroMoa\ZeroMoa\crawl_data\images\가르시니아\보령제약 보령 마시는 가르시니아 모로오렌지 다이어트월분.jpg
비타민마을 에버비키니 2중기능성 콜레우스포스콜리 가르시니아 콜레로뺄래 오리지날총,가르시니아(HCA)/홍삼/건강식품/건강보조식품/알로에/기타건강식품,C:\dev\ZeroMoa\ZeroMoa\crawl_data\images\가르시니아\비타민마을 에버비키니 2중기능성 콜레우스포스콜리 가르시니아 콜레로뺄래 오리지날총.jpg
뉴트리원 비비랩 가르시니아 다이어트 리프레쉬 2.75,"가르시니아(HCA)/섭취대상: 여성, 남성/섭취횟수, 양: 1일 1회, 1포/섭취기간: 2주(1박스)/형태: 캡슐,정/기능성: 체지방감소",C:\dev\ZeroMoa\ZeroMoa\crawl_data\images\가르시니아\뉴트리원 비비랩 가르시니아 다이어트 리프레쉬 2.75.jpg
헬스하우스 허리쏘옥 다이어트 커피 다크 아메리카노 맛T 다이어트 커피 가르시니아 체중조절,가르시니아(HCA)/헬스/다이어트/이너뷰티/다이어트보조제/가르시니아,C:\dev\ZeroMoa\ZeroMoa\crawl_data\images\가르시니아\헬스하우스 허리쏘옥 다이어트 커피 다크 아메리카노 맛T 다이어트 커피 가르시니아 체중조절.jpg
빼자카페 다이어트 가르시니아커피,"가르시니아(HCA)/섭취대상: 여성, 남성/기능성: 체지방감소",C:\dev\ZeroMoa\ZeroMoa\crawl_data\images\가르시니아\빼자카페 다이어트 가르시니아커피.jpg
일양약품 프라임 유산균 다이어트/월 모유유래 유산균 가르시니아,가르시니아(HCA)/홍삼/건강식품/건강보조식품,C:\dev\ZeroMoa\ZeroMoa\crawl_data\images\가르시니아\일양약품 프라임 유산균 다이어트_월 모유유래 유산균 가르시니아.jpg
디컷 다이어트 카페,"가르시니아(HCA)/섭취횟수, 양: 1일 1회, 1포/형태: 분말형/특징: 스틱형/건강기능식품/GMP/이력추적/기능성: 체지방감소/가르시니아750mg",C:\dev\ZeroMoa\ZeroMoa\crawl_data\images\가르시니아\디컷 다이어트 카페.jpg
효소원 청순다이어트,"가르시니아(HCA)/섭취횟수, 양: 1일 2회, 2포/형태: 분말형/특징: 스틱형/건강기능식품/GMP/기능성: 체지방감소",C:\dev\ZeroMoa\ZeroMoa\crawl_data\images\가르시니아\효소원 청순다이어트.jpg
경남제약 칼로스탑 플러스,"가르시니아(HCA)/섭취횟수, 양: 1일 1회,1포/형태: 분말형/특징: 스틱형/건강기능식품/GMP/기능성: 체지방감소/가르시니아1000mg",C:\dev\ZeroMoa\ZeroMoa\crawl_data\images\가르시니아\경남제약 칼로스탑 플러스.jpg
"뉴트리디데이 카페빼네 커피믹스맛 3,","가르시니아(HCA)/섭취횟수, 양: 1일 2회, 1포/섭취기간: 15일(1박스)/형태: 분말형/특징: 스틱형/건강기능식품/GMP/기능성: 체지방감소/Hydroxycitric acid 750mg","C:\dev\ZeroMoa\ZeroMoa\crawl_data\images\가르시니아\뉴트리디데이 카페빼네 커피믹스맛 3,.jpg"
경남제약헬스케어 케어플러스 리셋다이어트 청포도맛,"[주요성분] 난소화성말토덱스트린/가르시니아(HCA)/
[섭취정보] 섭취대상: 성인여성, 성인남성/섭취횟수, 양: 1일 1회, 1포/형태: 액상형/
[인증] 건강기능식품/GMP/기능성: 체지방감소/Hydroxycitric acid 900mg",C:\dev\ZeroMoa\ZeroMoa\crawl_data\images\가르시니아\경남제약헬스케어 케어플러스 리셋다이어트 청포도맛.jpg
피엘코리아 설당프리 비타미톡 자두맛,"[주요성분] 가르시니아(HCA)/
[섭취정보] 섭취대상: 성인여성, 성인남성/섭취횟수, 양: 1일 2회, 1정/섭취기간: 27일분/형태: 캡슐,정/
[인증] 건강기능식품/GAP/기능성: 체지방감소/HCA375mg",C:\dev\ZeroMoa\ZeroMoa\crawl_data\images\가르시니아\피엘코리아 설당프리 비타미톡 자두맛.jpg
피엘코리아 설당프리 비타미톡 망고스틴맛,"[주요성분] 가르시니아(HCA)/
[섭취정보] 섭취대상: 성인여성, 성인남성/섭취횟수, 양: 1일 2회, 1정/섭취기간: 27일분/형태: 캡슐,정/
[인증] 건강기능식품/GAP/기능성: 체지방감소/HCA375mg",C:\dev\ZeroMoa\ZeroMoa\crawl_data\images\가르시니아\피엘코리아 설당프리 비타미톡 망고스틴맛.jpg
비타민마을 다이어트보조제 가르시니아 포텐 8주분 x,가르시니아(HCA)/홍삼/건강식품/유산균,C:\dev\ZeroMoa\ZeroMoa\crawl_data\images\가르시니아\비타민마을 다이어트보조제 가르시니아 포텐 8주분 x.jpg
JW중외제약 쾌변비움 차전자피환 가르시니아,[주요성분] 가르시니아(HCA),C:\dev\ZeroMoa\ZeroMoa\crawl_data\images\가르시니아\JW중외제약 쾌변비움 차전자피환 가르시니아.jpg
한미양행 퍼스트빈 테이크아웃 가르시니아 다이어트 아메리카노,가르시니아(HCA)/헬스/다이어트/이너뷰티/다이어트보조제,C:\dev\ZeroMoa\ZeroMoa\crawl_data\images\가르시니아\한미양행 퍼스트빈 테이크아웃 가르시니아 다이어트 아메리카노.jpg
"홀리데이즈 체지방 관리 건강한 다이어트 가르시니아2000 1,월분",가르시니아(HCA)/헬스/다이어트/이너뷰티/다이어트보조제,"C:\dev\ZeroMoa\ZeroMoa\crawl_data\images\가르시니아\홀리데이즈 체지방 관리 건강한 다이어트 가르시니아2000 1,월분.jpg"
닥터아돌 위솔보with다이어트 그린세라 가르시니아,가르시니아(HCA)/헬스/다이어트/이너뷰티/콜라겐,C:\dev\ZeroMoa\ZeroMoa\crawl_data\images\가르시니아\닥터아돌 위솔보with다이어트 그린세라 가르시니아.jpg
인테로 이지다이어트 가르시니아월분 다이어트보조제 HCA,가르시니아(HCA)/헬스/다이어트/이너뷰티/다이어트보조제,C:\dev\ZeroMoa\ZeroMoa\crawl_data\images\가르시니아\인테로 이지다이어트 가르시니아월분 다이어트보조제 HCA.jpg
종근당건강 가르시니아 다이어트 HCA/,가르시니아(HCA)/홍삼/건강식품/건강보조식품/알로에/기타건강식품,C:\dev\ZeroMoa\ZeroMoa\crawl_data\images\가르시니아\종근당건강 가르시니아 다이어트 HCA_.jpg
순수식품 10억 보장 다이어트 유산균 17종 프로바이오틱스가르시니아,프로바이오틱스/가르시니아(HCA)/홍삼/건강식품/유산균/프로바이오틱스,C:\dev\ZeroMoa\ZeroMoa\crawl_data\images\가르시니아\순수식품 10억 보장 다이어트 유산균 17종 프로바이오틱스가르시니아.jpg
일양약품 프라임 유산균 다이어트/가르시니아,가르시니아(HCA)/홍삼/건강식품/유산균/프리바이오틱스,C:\dev\ZeroMoa\ZeroMoa\crawl_data\images\가르시니아\일양약품 프라임 유산균 다이어트_가르시니아.jpg
연세생활건강 닥터톡스 수클렌즈 다이어트건강음료 가르시니아,가르시니아(HCA)/홍삼/건강식품/건강즙/환/분말/선식/기타분말,C:\dev\ZeroMoa\ZeroMoa\crawl_data\images\가르시니아\연세생활건강 닥터톡스 수클렌즈 다이어트건강음료 가르시니아.jpg
순수식품 다이어트 유산균 17종 프로바이오틱스가르시니아,[주요성분] 프로바이오틱스/가르시니아(HCA),C:\dev\ZeroMoa\ZeroMoa\crawl_data\images\가르시니아\순수식품 다이어트 유산균 17종 프로바이오틱스가르시니아.jpg
순수식품 다이어트 유산균 17종 프로바이오틱스 모유 유래 가르시니아,[주요성분] 프로바이오틱스/가르시니아(HCA),C:\dev\ZeroMoa\ZeroMoa\crawl_data\images\가르시니아\순수식품 다이어트 유산균 17종 프로바이오틱스 모유 유래 가르시니아.jpg
나우푸드 가르시니아-NF1435,"가르시니아(HCA)/섭취대상: 성인남녀/형태: 캡슐,정",C:\dev\ZeroMoa\ZeroMoa\crawl_data\images\가르시니아\나우푸드 가르시니아-NF1435.jpg
재로우포뮬러스 HCActive 가르시니아 캄보지아,"가르시니아(HCA)/섭취대상: 성인남녀/형태: 캡슐,정",C:\dev\ZeroMoa\ZeroMoa\crawl_data\images\가르시니아\재로우포뮬러스 HCActive 가르시니아 캄보지아.jpg
네츄럴플러스 한국바이오팜 내츄럴플러스 다이어트 유산균/프로바이오틱스/가르시니아/가르시아,프로바이오틱스/가르시니아(HCA)/섭취대상: 성인남녀/기능성: 장 건강,C:\dev\ZeroMoa\ZeroMoa\crawl_data\images\가르시니아\네츄럴플러스 한국바이오팜 내츄럴플러스 다이어트 유산균_프로바이오틱스_가르시니아_가르시아.jpg
GRN 분홍이 쓰리데이즈 가르시니아 액상,"[주요성분] 가르시니아(HCA)/
[섭취정보] 섭취대상: 성인여성, 성인남성/섭취횟수, 양: 1일 1병/섭취기간: 3일분/형태: 액상형/
[인증] 건강기능식품/GMP/기능성: 체지방감소",C:\dev\ZeroMoa\ZeroMoa\crawl_data\images\가르시니아\GRN 분홍이 쓰리데이즈 가르시니아 액상.jpg
대웅생명과학 L카르니틴 HCA 가르시니아 캄보지아추출물 3통 다이어트 뱃살 복부 체지방 감소 녹차 카테킨 엘카르니틴,가르시니아(HCA)/헬스/다이어트/이너뷰티/다이어트보조제/가르시니아,C:\dev\ZeroMoa\ZeroMoa\crawl_data\images\가르시니아\대웅생명과학 L카르니틴 HCA 가르시니아 캄보지아추출물 3통 다이어트 뱃살 복부 체지방 감소 녹차 카테킨 엘카르니틴.jpg
녹십자 GC 가르시니아 다이어트 2,가르시니아(HCA)/헬스/다이어트/이너뷰티/다이어트보조제/가르시니아,C:\dev\ZeroMoa\ZeroMoa\crawl_data\images\가르시니아\녹십자 GC 가르시니아 다이어트 2.jpg
온푸드 변한 슬림핏 차전자피 가르시니아 스트롱,가르시니아(HCA)/헬스/다이어트/이너뷰티/다이어트보조제/가르시니아,C:\dev\ZeroMoa\ZeroMoa\crawl_data\images\가르시니아\온푸드 변한 슬림핏 차전자피 가르시니아 스트롱.jpg
멜라루카 가르시니아맥스 커피맛,가르시니아(HCA)/헬스/다이어트/이너뷰티/다이어트보조제/가르시니아,C:\dev\ZeroMoa\ZeroMoa\crawl_data\images\가르시니아\멜라루카 가르시니아맥스 커피맛.jpg
다인내추럴 웰러스 다이어트 가르시니아,"[주요성분] 가르시니아(HCA)/
[섭취정보] 섭취대상: 성인남녀/섭취횟수, 양: 1일 2회, 1회 2캡슐/섭취기간: 1개월/형태: 캡슐,정/
[인증] 건강기능식품/GMP/기능성: 체지방감소/
[기능성분] HCA: 800mg/비타민B1: 2.4mg",C:\dev\ZeroMoa\ZeroMoa\crawl_data\images\가르시니아\다인내추럴 웰러스 다이어트 가르시니아.jpg
컬쳐렐 한독 바라크플러스 차전자피식이섬유 가르시니아캄보지아 밀크씨슬x,가르시니아(HCA)/헬스/다이어트/이너뷰티/다이어트보조제/유산균/기타 보조제,C:\dev\ZeroMoa\ZeroMoa\crawl_data\images\가르시니아\컬쳐렐 한독 바라크플러스 차전자피식이섬유 가르시니아캄보지아 밀크씨슬x.jpg
한미양행 쾌변 체지방 다이어트 보조제 알로에 가르시니아,가르시니아(HCA)/헬스/다이어트/이너뷰티/다이어트보조제/가르시니아,C:\dev\ZeroMoa\ZeroMoa\crawl_data\images\가르시니아\한미양행 쾌변 체지방 다이어트 보조제 알로에 가르시니아.jpg
보령컨슈머헬스케어 보령 마시는 가르시니아 다이어트 모로오렌지월분,가르시니아(HCA)/헬스/다이어트/이너뷰티/다이어트보조제/가르시니아,C:\dev\ZeroMoa\ZeroMoa\crawl_data\images\가르시니아\보령컨슈머헬스케어 보령 마시는 가르시니아 다이어트 모로오렌지월분.jpg
건국유업 탄수화물 다이어트 가르시니아월,가르시니아(HCA)/헬스/다이어트/이너뷰티/다이어트보조제/가르시니아,C:\dev\ZeroMoa\ZeroMoa\crawl_data\images\가르시니아\건국유업 탄수화물 다이어트 가르시니아월.jpg
Muscletech 가르시니아 4X SX-7,"가르시니아(HCA)/섭취대상: 성인여성, 성인남성/형태: 캡슐,정",C:\dev\ZeroMoa\ZeroMoa\crawl_data\images\가르시니아\Muscletech 가르시니아 4X SX-7.jpg
포라이프 가르씬이아 젤리 /가르시니아캄보지아 추출물,가르시니아(HCA)/헬스/다이어트/이너뷰티/다이어트보조제/가르시니아,C:\dev\ZeroMoa\ZeroMoa\crawl_data\images\가르시니아\포라이프 가르씬이아 젤리 _가르시니아캄보지아 추출물.jpg
나우푸드 Now Foods 가르시니아,가르시니아(HCA)/헬스/다이어트/이너뷰티/프로틴/쉐이크/산양유/단백질,C:\dev\ZeroMoa\ZeroMoa\crawl_data\images\가르시니아\나우푸드 Now Foods 가르시니아.jpg
녹십자 가르시니아 다이어트 777,가르시니아(HCA)/헬스/다이어트/이너뷰티/다이어트보조제/가르시니아,C:\dev\ZeroMoa\ZeroMoa\crawl_data\images\가르시니아\녹십자 가르시니아 다이어트 777.jpg
보령컨슈머헬스케어 보령 마시는 가르시니아 모로오렌지 다이어트 보조제,가르시니아(HCA)/헬스/다이어트/이너뷰티/다이어트보조제/가르시니아,C:\dev\ZeroMoa\ZeroMoa\crawl_data\images\가르시니아\보령컨슈머헬스케어 보령 마시는 가르시니아 모로오렌지 다이어트 보조제.jpg
오허브 율초환한삼덩굴환 환삼덩굴환,보조제/가르시니아(HCA),C:\dev\ZeroMoa\ZeroMoa\crawl_data\images\가르시니아\오허브 율초환한삼덩굴환 환삼덩굴환.jpg
뉴트리디데이 스페셜 올뉴,"가르시니아(HCA)/섭취대상: 성인여성, 성인남성/섭취횟수, 양: 1일 1회,2정씩/섭취기간: 1개월(1통)/형태: 캡슐,정/건강기능식품/기능성: 체지방감소/hca750mg",C:\dev\ZeroMoa\ZeroMoa\crawl_data\images\가르시니아\뉴트리디데이 스페셜 올뉴.jpg
종근당건강 가르시니아 캄보지아 16주분 HCA 체지방제거 다이어트,가르시니아(HCA)/헬스/다이어트/이너뷰티/다이어트보조제/가르시니아,C:\dev\ZeroMoa\ZeroMoa\crawl_data\images\가르시니아\종근당건강 가르시니아 캄보지아 16주분 HCA 체지방제거 다이어트.jpg
프로피에스 베타밀 디카페 가르시니아커피,가르시니아(HCA)/헬스/다이어트/이너뷰티/다이어트보조제/가르시니아,C:\dev\ZeroMoa\ZeroMoa\crawl_data\images\가르시니아\프로피에스 베타밀 디카페 가르시니아커피.jpg
스포츠리서치 가르시니아 캄보지아,"가르시니아(HCA)/섭취대상: 성인여성, 성인남성/형태: 캡슐,정/Hydroxycitric acid 325mg",C:\dev\ZeroMoa\ZeroMoa\crawl_data\images\가르시니아\스포츠리서치 가르시니아 캄보지아.jpg
일양약품 다이어트 바디팻 신바이오틱스월분 유산균 가르시니아,가르시니아(HCA)/헬스/다이어트/이너뷰티/다이어트보조제/가르시니아,C:\dev\ZeroMoa\ZeroMoa\crawl_data\images\가르시니아\일양약품 다이어트 바디팻 신바이오틱스월분 유산균 가르시니아.jpg
뉴트리디데이 다이어트 카페빼네 3종 패키지,"가르시니아(HCA)/섭취횟수, 양: 1일 2회, 1포/섭취기간: 15일(1박스)/형태: 분말형/특징: 스틱형/건강기능식품/GMP/기능성: 체지방감소/Hydroxycitric acid 750mg",C:\dev\ZeroMoa\ZeroMoa\crawl_data\images\가르시니아\뉴트리디데이 다이어트 카페빼네 3종 패키지.jpg
뉴트리디데이 고함량 가르시니아 100024주분,가르시니아(HCA)/헬스/다이어트/이너뷰티/다이어트보조제/가르시니아,C:\dev\ZeroMoa\ZeroMoa\crawl_data\images\가르시니아\뉴트리디데이 고함량 가르시니아 100024주분.jpg
팜엔탑 다이어트 가르시니아,"가르시니아(HCA)/섭취대상: 성인여성, 성인남성/섭취횟수, 양: 1일 3회, 1정/섭취기간: 1개월(1박스)/형태: 캡슐,정/건강기능식품/기능성: 체지방감소/가르시니아760mg",C:\dev\ZeroMoa\ZeroMoa\crawl_data\images\가르시니아\팜엔탑 다이어트 가르시니아.jpg
일양약품 바디팻 가르시니아 체지방감소 다이어트 X,가르시니아(HCA)/헬스/다이어트/이너뷰티/다이어트보조제/가르시니아,C:\dev\ZeroMoa\ZeroMoa\crawl_data\images\가르시니아\일양약품 바디팻 가르시니아 체지방감소 다이어트 X.jpg
네이쳐와이즈 가르시니아 캄보지아,"가르시니아(HCA)/섭취대상: 성인여성, 성인남성/섭취횟수, 양: 1일 3캡슐씩/섭취기간: 1개월(1박스)/형태: 캡슐,정/특징: 베지캡슐형/Hydroxycitric Acid 900mg",C:\dev\ZeroMoa\ZeroMoa\crawl_data\images\가르시니아\네이쳐와이즈 가르시니아 캄보지아.jpg
내츄럴플러스 에버핏 다이어트 발포 가르시니아,"가르시니아(HCA)/섭취대상: 성인여성, 성인남성/섭취횟수, 양: 1일 2회, 1정씩/섭취기간: 10일(1통)/형태: 캡슐,정/건강기능식품/기능성: 체지방감소/HCA 450mg",C:\dev\ZeroMoa\ZeroMoa\crawl_data\images\가르시니아\내츄럴플러스 에버핏 다이어트 발포 가르시니아.jpg
비타민마을 에버비키니 가르시니아 커피맛 다이어트 빠질라카노,가르시니아(HCA)/헬스/다이어트/이너뷰티/다이어트보조제/가르시니아,C:\dev\ZeroMoa\ZeroMoa\crawl_data\images\가르시니아\비타민마을 에버비키니 가르시니아 커피맛 다이어트 빠질라카노.jpg
호미자루 여주 여주환국내산,보조제/가르시니아(HCA),C:\dev\ZeroMoa\ZeroMoa\crawl_data\images\가르시니아\호미자루 여주 여주환국내산.jpg
건가인 건가인 다이어트커피 헤이즐넛향/가르시니아/CLA,"가르시니아(HCA)/섭취대상: 성인여성, 성인남성",C:\dev\ZeroMoa\ZeroMoa\crawl_data\images\가르시니아\건가인 건가인 다이어트커피 헤이즐넛향_가르시니아_CLA.jpg
"뉴트리디데이 카페빼네 아메리카노맛 3,","가르시니아(HCA)/섭취횟수, 양: 1일 2회, 1포/섭취기간: 15일(1박스)/형태: 분말형/특징: 스틱형/건강기능식품/GMP/기능성: 체지방감소/Hydroxycitric acid 750mg","C:\dev\ZeroMoa\ZeroMoa\crawl_data\images\가르시니아\뉴트리디데이 카페빼네 아메리카노맛 3,.jpg"
"뉴트리디데이 카페빼네 헤이즐넛향 3,","가르시니아(HCA)/섭취횟수, 양: 1일 2회, 1포/섭취기간: 15일(1박스)/형태: 분말형/특징: 스틱형/건강기능식품/GMP/기능성: 체지방감소/Hydroxycitric acid 750mg","C:\dev\ZeroMoa\ZeroMoa\crawl_data\images\가르시니아\뉴트리디데이 카페빼네 헤이즐넛향 3,.jpg"
한미양행 그린몬스터 다이어트 스페셜2 가르시니아 900,"가르시니아(HCA)/섭취대상: 성인여성, 성인남성/섭취기간: 8주(1통)/형태: 캡슐,정/건강기능식품/GMP/기능성: 체지방감소",C:\dev\ZeroMoa\ZeroMoa\crawl_data\images\가르시니아\한미양행 그린몬스터 다이어트 스페셜2 가르시니아 900.jpg
매나테크 트루쉐이프 가르시니아 CLA,가르시니아(HCA)/헬스/다이어트/이너뷰티/다이어트보조제/가르시니아,C:\dev\ZeroMoa\ZeroMoa\crawl_data\images\가르시니아\매나테크 트루쉐이프 가르시니아 CLA.jpg
한독화장품 HD생활건강 체지방 감소01 가르시니아,"[주요성분] 가르시니아(HCA)/
[섭취정보] 섭취대상: 성인남녀/섭취횟수, 양: 1일 2회, 1회 2정/섭취기간: 2주/형태: 캡슐,정/
[인증] 건강기능식품/GMP/기능성: 체지방감소/
[기능성분] HCA: 750mg/비타민B1: 2.4mg/셀렌: 55㎍/아연: 8.5mg",C:\dev\ZeroMoa\ZeroMoa\crawl_data\images\가르시니아\한독화장품 HD생활건강 체지방 감소01 가르시니아.jpg
히말라야 오가닉 가르시니아,"[주요성분] 가르시니아(HCA)/
[섭취정보] 섭취대상: 성인남녀/섭취횟수, 양: 1일 2회, 1회 1정/섭취기간: 1개월/형태: 캡슐,정/특징: 해외구매",C:\dev\ZeroMoa\ZeroMoa\crawl_data\images\가르시니아\히말라야 오가닉 가르시니아.jpg
네이처퓨어코리아 벨라미 다이어트 젤리 매실맛,"[주요성분] 난소화성말토덱스트린/가르시니아(HCA)/
[섭취정보] 섭취대상: 성인남녀/섭취횟수, 양: 1일 1회, 1회 1포/섭취기간: 2주/형태: 젤리/특징: 스틱형/
[인증] 건강기능식품/GMP/기능성: 배변활동 원활, 체지방감소/
[기능성분] HCA: 750mg/식이섬유: 4,200mg/비타민B2: 1.4mg/비타민B6: 1.6mg",C:\dev\ZeroMoa\ZeroMoa\crawl_data\images\가르시니아\네이처퓨어코리아 벨라미 다이어트 젤리 매실맛.jpg
유니베라 슬림핏 다이어트 젤리 레몬맛,"[주요성분] 가르시니아(HCA)/
[섭취정보] 섭취대상: 성인남녀/섭취횟수, 양: 1일 1회, 1회 1포/섭취기간: 2주/형태: 젤리/특징: 스틱형/
[인증] 건강기능식품/GMP/기능성: 체지방감소/
[기능성분] HCA: 750mg/비타민B1: 0.36mg/비타민B6: 0.45mg/셀렌: 16.5㎍/나이아신: 4.5mgNE",C:\dev\ZeroMoa\ZeroMoa\crawl_data\images\가르시니아\유니베라 슬림핏 다이어트 젤리 레몬맛.jpg
노비스바이오 바이바이 유산균 가르시니아 비타민C 다이어트 바이바이,"[주요성분] 프로바이오틱스/가르시니아(HCA)/비타민C/보장균수(CFU): 1억/
[섭취정보] 섭취대상: 성인남녀/섭취횟수, 양: 1일 1회, 1회 1포/섭취기간: 1개월/형태: 분말/특징: 스틱형/
[인증] 건강기능식품/GMP/기능성: 배변활동 원활, 장 건강, 체지방감소/
[기능성분] HCA: 750mg/비타민C: 100mg",C:\dev\ZeroMoa\ZeroMoa\crawl_data\images\가르시니아\노비스바이오 바이바이 유산균 가르시니아 비타민C 다이어트 바이바이.jpg
맥시즘 딥트 3일 사이언스 업,"[주요성분] 차전자피 식이섬유/가르시니아(HCA)/
[섭취정보] 섭취대상: 성인남녀/섭취횟수, 양: 1일 2회, 1회 1포/섭취기간: 12일/형태: 환/특징: 스틱형/
[인증] 건강기능식품/GMP/기능성: 배변활동 원활, 체지방감소/
[기능성분] HCA: 780mg/식이섬유: 4g",C:\dev\ZeroMoa\ZeroMoa\crawl_data\images\가르시니아\맥시즘 딥트 3일 사이언스 업.jpg
푸름웰니스 살뺄라카노,"[주요성분] 난소화성말토덱스트린/가르시니아(HCA)/
[섭취정보] 섭취대상: 성인남녀/섭취횟수, 양: 1일 2회, 1회 1포/섭취기간: 15일/형태: 음료(액상)/특징: 스틱형/
[인증] 건강기능식품/GMP/기능성: 배변활동 원활, 체지방감소, 혈당조절, 혈중 중성지질 개선/
[기능성분] HCA: 750mg/식이섬유: 5,000mg",C:\dev\ZeroMoa\ZeroMoa\crawl_data\images\가르시니아\푸름웰니스 살뺄라카노.jpg
엠에스바이오텍 가르시니아 헬퍼,"[주요성분] 가르시니아(HCA)/
[섭취정보] 섭취대상: 성인남녀/섭취횟수, 양: 1일 1회, 1회 2정/섭취기간: 4개월/형태: 캡슐,정/
[인증] 건강기능식품/GMP/기능성: 체지방감소/
[기능성분] HCA: 750mg",C:\dev\ZeroMoa\ZeroMoa\crawl_data\images\가르시니아\엠에스바이오텍 가르시니아 헬퍼.jpg
금단미인 다이어트 급,"[주요성분] 가르시니아(HCA)/
[섭취정보] 섭취대상: 성인남녀/섭취횟수, 양: 1일 2회, 1회 1포/섭취기간: 2개월/형태: 환/특징: 스틱형/
[인증] 건강기능식품/GMP/기능성: 체지방감소/
[기능성분] HCA: 750mg/안트라쿼논계화합물: 20mg",C:\dev\ZeroMoa\ZeroMoa\crawl_data\images\가르시니아\금단미인 다이어트 급.jpg
왓스업 발포로 빼,"[주요성분] 가르시니아(HCA)/
[섭취정보] 섭취대상: 성인남녀/섭취횟수, 양: 1일 2회, 1회 1정/섭취기간: 15일/형태: 캡슐,정/
[인증] 건강기능식품/GMP/기능성: 체지방감소/
[기능성분] HCA: 375mg/나이아신: 7.5mg/판토텐산: 2.5mg",C:\dev\ZeroMoa\ZeroMoa\crawl_data\images\가르시니아\왓스업 발포로 빼.jpg
뉴트리원 비비랩 가르시니아 다이어트 리프레시,"[주요성분] 홍경천/가르시니아(HCA)/
[섭취정보] 섭취대상: 성인남녀/섭취횟수, 양: 1일 1회, 1회 1포(2정)/섭취기간: 12주/형태: 캡슐,정/
[인증] 건강기능식품/GMP/기능성: 체지방감소/
[기능성분] HCA: 750mg/로사빈: 4.2mg/나이아신: 15mg: NE/판토텐산: 5mg/비타민D: 10㎍/비타민B6: 1.5mg/비타민B1: 1.2mg/비타민B2: 1.4mg",C:\dev\ZeroMoa\ZeroMoa\crawl_data\images\가르시니아\뉴트리원 비비랩 가르시니아 다이어트 리프레시.jpg
경남제약 칼로-스탑,"[주요성분] 가르시니아(HCA)/
[섭취정보] 섭취대상: 성인남녀/섭취횟수, 양: 1일 2회, 1회 1포/섭취기간: 1개월/형태: 캡슐,정/
[인증] 건강기능식품/GMP/기능성: 체지방감소/
[기능성분] HCA : 750mg",C:\dev\ZeroMoa\ZeroMoa\crawl_data\images\가르시니아\경남제약 칼로-스탑.jpg
풍기인삼농협 황풍정 슬리밍 다이어트 면역젤리,"[주요성분] 가르시니아(HCA)/
[섭취정보] 섭취대상: 성인남녀/섭취횟수, 양: 1일 2회, 1회 1포/섭취기간: 2주/형태: 젤리/
[인증] 건강기능식품/GMP/기능성: 체지방감소/
[기능성분] HCA: 750mg/식이섬유: 300mg/진세노사이드(Rg1+Rb1+Rg3): 3mg",C:\dev\ZeroMoa\ZeroMoa\crawl_data\images\가르시니아\풍기인삼농협 황풍정 슬리밍 다이어트 면역젤리.jpg
내츄럴플러스 에버핏 프로틴 밸런스 다이어트,"[주요성분] 가르시니아(HCA)/
[섭취정보] 섭취대상: 성인남녀/섭취횟수, 양: 1일 1회, 1회 1포/섭취기간: 40일/형태: 분말/특징: 스틱형/
[인증] 건강기능식품/기능성: 체지방감소/
[기능성분] 표시기준량: 60g/열량: 140kcal/단백질: 20g/HCA: 750mg",C:\dev\ZeroMoa\ZeroMoa\crawl_data\images\가르시니아\내츄럴플러스 에버핏 프로틴 밸런스 다이어트.jpg
에스더포뮬러 여에스더 유산균 슬림,"[주요성분] 프로바이오틱스/가르시니아(HCA)/보장균수(CFU): 100억/
[섭취정보] 섭취대상: 성인남녀/섭취횟수, 양: 1일 1회, 1회 1포/총량: 30포/섭취기간: 1개월/형태: 분말/특징: 스틱형/
[인증] 건강기능식품/기능성: 배변활동 원활, 장 건강, 체지방감소/
[기능성분] HCA: 750mg",C:\dev\ZeroMoa\ZeroMoa\crawl_data\images\가르시니아\에스더포뮬러 여에스더 유산균 슬림.jpg
없었던일로 올뉴,"[주요성분] 가르시니아(HCA)/
[섭취정보] 섭취대상: 성인남녀/섭취횟수, 양: 1일 2회, 1회 1포/섭취기간: 1개월/형태: 캡슐,정/
[인증] 건강기능식품/GMP/기능성: 체지방감소/
[기능성분] HCA: 850mg",C:\dev\ZeroMoa\ZeroMoa\crawl_data\images\가르시니아\없었던일로 올뉴.jpg
건강한스푼 다이어트한스푼,"[주요성분] 가르시니아(HCA)/
[섭취정보] 섭취대상: 성인남녀/섭취횟수, 양: 1일 2회, 1회 3g/섭취기간: 1개월/형태: 분말/
[인증] 건강기능식품/기능성: 체지방감소/
[기능성분] HCA: 750mg",C:\dev\ZeroMoa\ZeroMoa\crawl_data\images\가르시니아\건강한스푼 다이어트한스푼.jpg
온푸드 변한 슬림핏 스트롱,"[주요성분] 차전자피 식이섬유/가르시니아(HCA)/
[섭취정보] 섭취대상: 성인남녀/섭취횟수, 양: 1일 2회, 1회 1포/섭취기간: 15일/형태: 환/
[인증] 건강기능식품/GMP/기능성: 배변활동 원활, 체지방감소, 혈중 콜레스테롤 개선/
[기능성분] HCA: 1,000mg/차전자피식이섬유: 7,000mg",C:\dev\ZeroMoa\ZeroMoa\crawl_data\images\가르시니아\온푸드 변한 슬림핏 스트롱.jpg
온푸드 변한 슬림핏,"[주요성분] 차전자피 식이섬유/가르시니아(HCA)/
[섭취정보] 섭취대상: 성인남녀/섭취횟수, 양: 1일 2회, 1회 1포/섭취기간: 15일/형태: 분말/
[인증] 건강기능식품/GMP/기능성: 배변활동 원활, 체지방감소, 혈중 콜레스테롤 개선/
[기능성분] HCA: 1,000mg/차전자피식이섬유: 6,000mg",C:\dev\ZeroMoa\ZeroMoa\crawl_data\images\가르시니아\온푸드 변한 슬림핏.jpg
문라이트,"[주요성분] 가르시니아(HCA)/
[섭취정보] 섭취대상: 성인남녀/형태: 캡슐,정/
[인증] 건강기능식품",C:\dev\ZeroMoa\ZeroMoa\crawl_data\images\가르시니아\문라이트.jpg
골든라이프텍 올댓 다이어트 굿나잇 슬리밍 다이어트,"[주요성분] 가르시니아(HCA)/
[섭취정보] 섭취대상: 성인남녀/섭취횟수, 양: 1일 1회, 1회 2정/섭취기간: 3개월/형태: 캡슐,정/
[인증] 건강기능식품/GMP/기능성: 체지방감소/
[기능성분] HCA: 760mg",C:\dev\ZeroMoa\ZeroMoa\crawl_data\images\가르시니아\골든라이프텍 올댓 다이어트 굿나잇 슬리밍 다이어트.jpg
포터블뉴트리션 포뉴 내몸애착 다이어트보조제,"[주요성분] 가르시니아(HCA)/
[섭취정보] 섭취대상: 성인남녀/섭취횟수, 양: 1일 2회, 1회 4정/섭취기간: 1개월/형태: 캡슐,정/
[인증] 건강기능식품/GMP/기능성: 체지방감소/
[기능성분] HCA: 900mg",C:\dev\ZeroMoa\ZeroMoa\crawl_data\images\가르시니아\포터블뉴트리션 포뉴 내몸애착 다이어트보조제.jpg
알파카페 뉴트라 라이트 블렌드,"[주요성분] 가르시니아(HCA)/
[섭취정보] 섭취대상: 성인남녀/형태: 분말/
[인증] 건강기능식품/기능성: 체지방감소/
[기능성분] HCA: 190mg",C:\dev\ZeroMoa\ZeroMoa\crawl_data\images\가르시니아\알파카페 뉴트라 라이트 블렌드.jpg
에버앤에버 원데이톡 3종 세트,"[주요성분] 가르시니아(HCA)/
[섭취정보] 섭취대상: 성인남녀/특징: 혼합구성/
[인증] 건강기능식품/GMP/구성: 저녁대신 디에스 120ml + 저녁먹고 애프터 120ml + 하루 두 잔 슬림티 2T",C:\dev\ZeroMoa\ZeroMoa\crawl_data\images\가르시니아\에버앤에버 원데이톡 3종 세트.jpg
뉴트리디데이 디카페 허벌티 테이스트 다이어트,"[주요성분] 가르시니아(HCA)/
[섭취정보] 섭취대상: 성인남녀/섭취횟수, 양: 1일 2회, 1회 1포/섭취기간: 45일/형태: 분말/
[인증] 건강기능식품/GMP/기능성: 체지방감소/
[기능성분] HCA: 750mg",C:\dev\ZeroMoa\ZeroMoa\crawl_data\images\가르시니아\뉴트리디데이 디카페 허벌티 테이스트 다이어트.jpg
제일헬스사이언스 쎈트힐 제일에쓰 S 유산균,"[주요성분] 프로바이오틱스/가르시니아(HCA)/보장균수(CFU): 10억/
[섭취정보] 섭취대상: 성인남녀/섭취횟수, 양: 1일 2회, 1회 1포/총량: 30포/섭취기간: 15일/형태: 분말/특징: 스틱형/
[인증] 건강기능식품/GMP/기능성: 배변활동 원활, 장 건강, 체지방감소/
[기능성분] HCA: 850mg",C:\dev\ZeroMoa\ZeroMoa\crawl_data\images\가르시니아\제일헬스사이언스 쎈트힐 제일에쓰 S 유산균.jpg
스마트인핸서 미완성프로젝트 비밀이야,"[주요성분] 가르시니아(HCA)/
[섭취정보] 섭취대상: 성인남녀/섭취횟수, 양: 1일 2회, 1회 2캡슐/섭취기간: 3주/형태: 캡슐,정/
[인증] 건강기능식품/GMP",C:\dev\ZeroMoa\ZeroMoa\crawl_data\images\가르시니아\스마트인핸서 미완성프로젝트 비밀이야.jpg
뉴트리디데이 다이어트 스페셜 올뉴 퍼펙트,"[주요성분] 알로에전잎/가르시니아(HCA)/
[섭취정보] 섭취대상: 성인남녀/섭취횟수, 양: 1일 1회, 1회 1포/섭취기간: 4주/형태: 캡슐,정/
[인증] 건강기능식품/GMP/기능성: 배변활동 원활, 체지방감소/
[기능성분] HCA: 750mg/안트라퀴논계화합물: 20mg",C:\dev\ZeroMoa\ZeroMoa\crawl_data\images\가르시니아\뉴트리디데이 다이어트 스페셜 올뉴 퍼펙트.jpg
씨에이치헬스바이오 슬림 바이오우먼,"[주요성분] 가르시니아(HCA)/콜레우스포스콜리/
[섭취정보] 섭취대상: 성인여성/섭취횟수, 양: 1일 2회, 1회 2정/섭취기간: 4주/형태: 캡슐,정/
[인증] 건강기능식품/GMP/기능성: 체지방감소/
[기능성분] 포스콜린: 50mg/HCA: 1000mg",C:\dev\ZeroMoa\ZeroMoa\crawl_data\images\가르시니아\씨에이치헬스바이오 슬림 바이오우먼.jpg
루이스킴 슈퍼컷 칼로리밋트,"[주요성분] 가르시니아(HCA)/
[섭취정보] 섭취대상: 성인남녀/형태: 캡슐,정/
[인증] 건강기능식품/GMP/기능성: 체지방감소/
[기능성분] HCA: 1,800mg",C:\dev\ZeroMoa\ZeroMoa\crawl_data\images\가르시니아\루이스킴 슈퍼컷 칼로리밋트.jpg
루이스킴 슈퍼핏 에픽슬림제로,"[주요성분] 가르시니아(HCA)/녹차추출물(카테킨)/
[섭취정보] 섭취대상: 성인남녀/섭취횟수, 양: 1일 3회, 1회 2정/섭취기간: 1개월/형태: 캡슐,정/
[인증] 건강기능식품/GMP/기능성: 체지방감소, 항산화, 혈중 콜레스테롤 개선/
[기능성분] 카테킨: 450mg/HCA: 1,100mg",C:\dev\ZeroMoa\ZeroMoa\crawl_data\images\가르시니아\루이스킴 슈퍼핏 에픽슬림제로.jpg
시너지월드와이즈 더블번,"[주요성분] 가르시니아(HCA)/
[섭취정보] 섭취대상: 성인남녀/섭취횟수, 양: 1일 3회, 1회 3캡슐/형태: 캡슐,정",C:\dev\ZeroMoa\ZeroMoa\crawl_data\images\가르시니아\시너지월드와이즈 더블번.jpg
쓰리케어 빠지다 가르시니아,"[주요성분] 가르시니아(HCA)/
[섭취정보] 섭취대상: 성인남녀/섭취횟수, 양: 1일 2회/형태: 캡슐,정/
[인증] 건강기능식품/기능성: 체지방감소/
[기능성분] HCA: 750mg",C:\dev\ZeroMoa\ZeroMoa\crawl_data\images\가르시니아\쓰리케어 빠지다 가르시니아.jpg
HealthyCare 가르시니아 캄보지아,"[주요성분] 가르시니아(HCA)/
[섭취정보] 섭취대상: 성인남녀/섭취횟수, 양: 1일 1~2캡슐/형태: 캡슐,정/특징: 해외구매",C:\dev\ZeroMoa\ZeroMoa\crawl_data\images\가르시니아\HealthyCare 가르시니아 캄보지아.jpg
멜라루카 가르시니아 맥스 커피맛,"[주요성분] 가르시니아(HCA)/
[섭취정보] 섭취대상: 성인남녀/섭취횟수, 양: 1일 2회/형태: 분말/
[인증] 건강기능식품/기능성: 체지방감소/
[기능성분] HCA: 655mg",C:\dev\ZeroMoa\ZeroMoa\crawl_data\images\가르시니아\멜라루카 가르시니아 맥스 커피맛.jpg
사빈츠 프로덱사 챕터우먼,"[주요성분] 가르시니아(HCA)/공액리놀레산(CLA)/
[섭취정보] 섭취대상: 성인여성/섭취횟수, 양: 1일 2회/형태: 캡슐,정/
[인증] 건강기능식품/기능성: 체지방감소/
[기능성분] HCA: 380mg/CLA: 700mg",C:\dev\ZeroMoa\ZeroMoa\crawl_data\images\가르시니아\사빈츠 프로덱사 챕터우먼.jpg
채움엔비티 뉴트리엔 팻30 다이어트토크,"[주요성분] 가르시니아(HCA)/
[섭취정보] 섭취대상: 성인남녀/섭취횟수, 양: 1일 3회, 1g회 10g/섭취기간: 10일/형태: 분말/
[인증] 건강기능식품/기능성: 체지방감소/
[기능성분] HCA: 250mg/프락토올리고당: 1.35g",C:\dev\ZeroMoa\ZeroMoa\crawl_data\images\가르시니아\채움엔비티 뉴트리엔 팻30 다이어트토크.jpg
